Formato file originario: WDAT5 
Data conversione: 09/10/23 21:13
01/10/23	00:30	20.8	21.1	20.7	58	0.0	0.0	NNE	0.00	0.0	NNE	26.1	0.0	0.0	1019.0	0.00	0.0	0.000	0.000	25.8	47	0.0	0.0	0.00	0.0000	---	---	---	---	647	1	100.0	30	
01/10/23	01:00	20.8	20.8	20.6	57	0.0	0.0	NNE	0.00	0.0	NNE	26.0	0.0	0.0	1018.9	0.00	0.0	0.000	0.000	25.8	47	0.0	0.0	0.00	0.0000	---	---	---	---	697	1	100.0	30	
01/10/23	01:30	20.8	20.8	20.5	59	0.0	0.0	NNE	0.00	0.0	NNE	26.1	0.0	0.0	1018.9	0.00	0.0	0.000	0.000	25.6	47	0.0	0.0	0.00	0.0000	---	---	---	---	700	1	100.0	30	
01/10/23	02:00	20.0	20.8	20.0	64	0.0	0.0	NNE	0.00	0.0	NNE	25.6	0.0	0.0	1018.9	0.00	0.0	0.000	0.000	25.6	47	0.0	0.0	0.00	0.0000	---	---	---	---	696	1	100.0	30	
01/10/23	02:30	20.2	20.2	19.8	64	0.0	0.0	NNE	0.00	0.0	NNE	25.7	0.0	0.0	1019.0	0.00	0.0	0.000	0.000	25.4	47	0.0	0.0	0.00	0.0000	---	---	---	---	698	1	100.0	30	
01/10/23	03:00	20.7	20.7	20.2	66	0.0	1.6	S	0.80	11.3	SSW	22.5	0.0	0.0	1018.8	0.00	0.0	0.000	0.000	25.3	47	0.0	0.0	0.00	0.0000	---	---	---	---	696	1	100.0	30	
01/10/23	03:30	19.9	20.7	19.9	70	0.0	4.8	SSW	2.41	11.3	SE	21.1	0.0	0.0	1018.7	0.00	0.0	0.000	0.000	25.3	47	0.0	0.0	0.00	0.0000	---	---	---	---	698	1	100.0	30	
01/10/23	04:00	20.0	20.1	19.9	70	0.0	4.8	S	2.41	11.3	S	21.1	0.0	0.0	1018.6	0.00	0.0	0.000	0.000	25.2	47	0.0	0.0	0.00	0.0000	---	---	---	---	696	1	100.0	30	
01/10/23	04:30	20.0	20.1	19.9	71	0.0	4.8	SSW	2.41	12.9	SSE	21.1	0.0	0.0	1018.6	0.00	0.0	0.000	0.000	25.1	47	0.0	0.0	0.00	0.0000	---	---	---	---	696	1	100.0	30	
01/10/23	05:00	20.2	20.2	19.8	72	0.0	4.8	SSW	2.41	11.3	SSW	21.3	0.0	0.0	1018.4	0.00	0.0	0.000	0.000	25.1	48	0.0	0.0	0.00	0.0000	---	---	---	---	697	1	100.0	30	
01/10/23	05:30	20.1	20.2	20.1	71	0.0	4.8	SSW	2.41	9.7	S	21.3	0.0	0.0	1018.5	0.00	0.0	0.000	0.000	25.0	48	0.0	0.0	0.00	0.0000	---	---	---	---	697	1	100.0	30	
01/10/23	06:00	20.1	20.2	20.1	72	0.0	4.8	SSW	2.41	9.7	SW	21.3	0.0	0.0	1018.4	0.00	0.0	0.000	0.000	24.9	48	0.0	0.0	0.00	0.0000	---	---	---	---	698	1	100.0	30	
01/10/23	06:30	19.4	20.1	19.4	75	0.0	4.8	SW	2.41	9.7	SSW	20.5	0.0	0.0	1018.6	0.00	0.0	0.000	0.000	24.9	48	0.0	0.0	0.00	0.0000	---	---	---	---	696	1	100.0	30	
01/10/23	07:00	19.3	19.4	19.3	74	0.0	4.8	SW	2.41	9.7	SSW	20.3	0.0	0.0	1019.1	0.00	0.0	0.000	0.000	24.8	48	0.0	0.0	0.00	0.0000	---	---	---	---	698	1	100.0	30	
01/10/23	07:30	19.1	19.3	19.1	74	0.0	3.2	SW	1.61	9.7	S	20.4	0.0	0.0	1019.3	0.00	0.0	0.000	0.000	24.8	48	0.0	0.0	0.00	0.0000	---	---	---	---	695	1	100.0	30	
01/10/23	08:00	19.9	19.9	19.1	73	0.0	3.2	SSW	1.61	8.0	SSW	21.3	0.0	0.0	1019.7	0.00	0.0	0.000	0.000	25.2	48	0.0	0.0	0.00	0.0000	---	---	---	---	697	1	100.0	30	
01/10/23	08:30	21.4	21.4	19.9	70	0.0	3.2	SW	1.61	6.4	SSW	23.0	0.0	0.0	1019.9	0.00	0.0	0.000	0.000	25.7	48	0.0	0.0	0.00	0.0000	---	---	---	---	695	1	100.0	30	
01/10/23	09:00	22.6	22.6	21.4	67	0.0	3.2	SSW	1.61	6.4	SW	24.3	0.0	0.0	1020.0	0.00	0.0	0.000	0.000	25.5	48	0.0	0.0	0.00	0.0000	---	---	---	---	695	1	100.0	30	
01/10/23	09:30	23.2	23.2	22.6	64	0.0	3.2	WSW	1.61	6.4	SSW	24.9	0.0	0.0	1020.4	0.00	0.0	0.000	0.000	25.3	48	0.0	0.0	0.00	0.0000	---	---	---	---	696	1	100.0	30	
01/10/23	10:00	23.8	23.8	23.2	61	0.0	3.2	WSW	1.61	9.7	W	25.6	0.0	0.0	1020.5	0.00	0.0	0.000	0.000	25.3	48	0.0	0.0	0.00	0.0000	---	---	---	---	699	1	100.0	30	
01/10/23	10:30	24.3	24.4	23.8	60	0.0	3.2	WSW	1.61	9.7	W	26.2	0.0	0.0	1020.7	0.00	0.0	0.000	0.000	25.3	48	0.0	0.0	0.00	0.0000	---	---	---	---	698	1	100.0	30	
01/10/23	11:00	24.7	24.9	24.1	59	0.0	1.6	NW	0.80	6.4	NW	26.8	0.0	0.0	1020.8	0.00	0.0	0.000	0.000	25.3	48	0.0	0.0	0.00	0.0000	---	---	---	---	698	1	100.0	30	
01/10/23	11:30	25.7	25.9	24.6	56	0.0	3.2	W	1.61	11.3	W	27.7	0.0	0.0	1020.7	0.00	0.0	0.000	0.000	25.3	48	0.0	0.0	0.00	0.0000	---	---	---	---	697	1	100.0	30	
01/10/23	12:00	25.9	26.2	25.3	55	0.0	3.2	NE	1.61	8.0	NE	27.9	0.0	0.0	1020.7	0.00	0.0	0.000	0.000	25.4	48	0.0	0.0	0.00	0.0000	---	---	---	---	699	1	100.0	30	
01/10/23	12:30	25.8	26.7	25.5	56	0.0	4.8	ENE	2.41	14.5	NE	27.7	0.0	0.0	1020.7	0.00	0.0	0.000	0.000	25.4	48	0.0	0.0	0.00	0.0000	---	---	---	---	697	1	100.0	30	
01/10/23	13:00	26.8	27.5	25.8	52	0.0	3.2	NNE	1.61	9.7	N	28.9	0.0	0.0	1020.7	0.00	0.0	0.000	0.000	25.6	48	0.0	0.0	0.00	0.0000	---	---	---	---	694	1	100.0	30	
01/10/23	13:30	26.7	27.7	26.4	52	0.0	3.2	NE	1.61	16.1	NNE	28.7	0.0	0.0	1020.5	0.00	0.0	0.000	0.000	25.7	48	0.0	0.0	0.00	0.0000	---	---	---	---	698	1	100.0	30	
01/10/23	14:00	27.8	27.8	26.7	52	0.0	3.2	E	1.61	14.5	NNE	30.0	0.0	0.0	1020.2	0.00	0.0	0.000	0.000	26.0	48	0.0	0.0	0.00	0.0000	---	---	---	---	698	1	100.0	30	
01/10/23	14:30	27.2	28.1	27.1	54	0.0	4.8	NNE	2.41	17.7	ENE	29.2	0.0	0.0	1020.0	0.00	0.0	0.000	0.000	26.3	48	0.0	0.0	0.00	0.0000	---	---	---	---	696	1	100.0	30	
01/10/23	15:00	27.3	27.6	26.7	52	0.0	6.4	NNE	3.22	19.3	NE	29.4	0.0	0.0	1020.0	0.00	0.0	0.000	0.000	26.9	48	0.0	0.0	0.00	0.0000	---	---	---	---	697	1	100.0	30	
01/10/23	15:30	27.4	27.4	26.6	51	0.0	6.4	NE	3.22	20.9	NE	29.5	0.0	0.0	1019.8	0.00	0.0	0.000	0.000	27.4	47	0.0	0.0	0.00	0.0000	---	---	---	---	695	1	100.0	30	
01/10/23	16:00	27.2	27.7	26.8	50	0.0	4.8	NNE	2.41	16.1	NNE	29.2	0.0	0.0	1019.6	0.00	0.0	0.000	0.000	27.9	47	0.0	0.0	0.00	0.0000	---	---	---	---	695	1	100.0	30	
01/10/23	16:30	26.7	27.4	26.1	53	0.0	6.4	NE	3.22	19.3	NNE	28.6	0.0	0.0	1019.7	0.00	0.0	0.000	0.000	28.2	47	0.0	0.0	0.00	0.0000	---	---	---	---	695	1	100.0	30	
01/10/23	17:00	25.8	26.9	25.8	56	0.0	4.8	ENE	2.41	16.1	NNE	27.7	0.0	0.0	1019.8	0.00	0.0	0.000	0.000	28.4	47	0.0	0.0	0.00	0.0000	---	---	---	---	695	1	100.0	30	
01/10/23	17:30	25.4	25.8	25.3	59	0.0	4.8	NE	2.41	14.5	ENE	27.2	0.0	0.0	1019.8	0.00	0.0	0.000	0.000	28.4	47	0.0	0.0	0.00	0.0000	---	---	---	---	696	1	100.0	30	
01/10/23	18:00	24.5	25.4	24.5	60	0.0	3.2	ENE	1.61	12.9	NNE	26.4	0.0	0.0	1019.7	0.00	0.0	0.000	0.000	28.3	47	0.0	0.0	0.00	0.0000	---	---	---	---	695	1	100.0	30	
01/10/23	18:30	23.8	24.5	23.8	63	0.0	1.6	NNE	0.80	9.7	E	25.8	0.0	0.0	1019.8	0.00	0.0	0.000	0.000	28.0	47	0.0	0.0	0.00	0.0000	---	---	---	---	697	1	100.0	30	
01/10/23	19:00	22.9	23.8	22.9	67	0.0	1.6	NE	0.80	4.8	E	24.9	0.0	0.0	1019.9	0.00	0.0	0.000	0.000	27.7	47	0.0	0.0	0.00	0.0000	---	---	---	---	695	1	100.0	30	
01/10/23	19:30	22.0	22.9	22.0	74	0.0	1.6	ENE	0.80	8.0	NE	23.9	0.0	0.0	1020.0	0.00	0.0	0.000	0.000	27.4	47	0.0	0.0	0.00	0.0000	---	---	---	---	696	1	100.0	30	
01/10/23	20:00	20.9	22.0	20.9	76	0.0	0.0	SSE	0.00	3.2	E	26.1	0.0	0.0	1020.1	0.00	0.0	0.000	0.000	27.2	48	0.0	0.0	0.00	0.0000	---	---	---	---	698	1	100.0	30	
01/10/23	20:30	21.1	21.1	20.8	71	0.0	1.6	S	0.80	8.0	SSE	23.0	0.0	0.0	1020.4	0.00	0.0	0.000	0.000	26.9	48	0.0	0.0	0.00	0.0000	---	---	---	---	696	1	100.0	30	
01/10/23	21:00	21.2	21.2	21.1	70	0.0	3.2	SSW	1.61	8.0	SSW	22.7	0.0	0.0	1020.4	0.00	0.0	0.000	0.000	26.7	48	0.0	0.0	0.00	0.0000	---	---	---	---	698	1	100.0	30	
01/10/23	21:30	21.6	21.6	21.1	69	0.0	1.6	S	0.80	6.4	S	23.5	0.0	0.0	1020.4	0.00	0.0	0.000	0.000	26.6	48	0.0	0.0	0.00	0.0000	---	---	---	---	697	1	100.0	30	
01/10/23	22:00	21.6	21.7	21.5	68	0.0	1.6	SSW	0.80	6.4	SSW	23.5	0.0	0.0	1020.6	0.00	0.0	0.000	0.000	26.4	48	0.0	0.0	0.00	0.0000	---	---	---	---	698	1	100.0	30	
01/10/23	22:30	21.1	21.6	21.1	68	0.0	0.0	SSW	0.00	3.2	SSW	26.2	0.0	0.0	1020.8	0.00	0.0	0.000	0.000	26.2	48	0.0	0.0	0.00	0.0000	---	---	---	---	697	1	100.0	30	
01/10/23	23:00	20.9	21.1	20.9	68	0.0	0.0	SSW	0.00	3.2	SSW	26.1	0.0	0.0	1020.8	0.00	0.0	0.000	0.000	26.1	48	0.0	0.0	0.00	0.0000	---	---	---	---	699	1	100.0	30	
01/10/23	23:30	20.8	20.9	20.6	67	0.0	1.6	E	0.80	4.8	E	22.7	0.0	0.0	1020.8	0.00	0.0	0.000	0.000	26.0	48	0.0	0.0	0.00	0.0000	---	---	---	---	697	1	100.0	30	
02/10/23	00:00	20.9	20.9	20.7	63	0.0	0.0	E	0.00	3.2	E	26.1	0.0	0.0	1020.7	0.00	0.0	0.000	0.000	25.9	48	0.0	0.0	0.00	0.0000	---	---	---	---	698	1	100.0	30	
02/10/23	00:30	20.5	20.9	19.9	67	0.0	1.6	S	0.80	6.4	S	22.4	0.0	0.0	1020.8	0.00	0.0	0.000	0.000	25.8	48	0.0	0.0	0.00	0.0000	---	---	---	---	696	1	100.0	30	
02/10/23	01:00	21.2	21.2	20.5	66	0.0	3.2	S	1.61	12.9	SSE	22.7	0.0	0.0	1020.8	0.00	0.0	0.000	0.000	25.7	48	0.0	0.0	0.00	0.0000	---	---	---	---	695	1	100.0	30	
02/10/23	01:30	21.3	21.3	21.2	66	0.0	4.8	S	2.41	11.3	S	22.6	0.0	0.0	1020.7	0.00	0.0	0.000	0.000	25.6	48	0.0	0.0	0.00	0.0000	---	---	---	---	696	1	100.0	30	
02/10/23	02:00	20.9	21.3	20.9	66	0.0	3.2	SSW	1.61	9.7	SW	22.4	0.0	0.0	1020.7	0.00	0.0	0.000	0.000	25.5	48	0.0	0.0	0.00	0.0000	---	---	---	---	697	1	100.0	30	
02/10/23	02:30	20.6	20.9	20.6	68	0.0	4.8	SSW	2.41	11.3	S	21.8	0.0	0.0	1020.8	0.00	0.0	0.000	0.000	25.4	48	0.0	0.0	0.00	0.0000	---	---	---	---	697	1	100.0	30	
02/10/23	03:00	20.3	20.6	20.2	70	0.0	3.2	SSW	1.61	8.0	SW	21.7	0.0	0.0	1020.7	0.00	0.0	0.000	0.000	25.3	48	0.0	0.0	0.00	0.0000	---	---	---	---	697	1	100.0	30	
02/10/23	03:30	19.8	20.3	19.8	71	0.0	3.2	SSW	1.61	8.0	SSW	21.2	0.0	0.0	1020.7	0.00	0.0	0.000	0.000	25.2	48	0.0	0.0	0.00	0.0000	---	---	---	---	695	1	100.0	30	
02/10/23	04:00	19.9	20.0	19.9	69	0.0	1.6	S	0.80	8.0	S	21.7	0.0	0.0	1020.8	0.00	0.0	0.000	0.000	25.2	48	0.0	0.0	0.00	0.0000	---	---	---	---	696	1	100.0	30	
02/10/23	04:30	19.4	19.9	19.4	68	0.0	0.0	S	0.00	3.2	S	25.2	0.0	0.0	1020.8	0.00	0.0	0.000	0.000	25.1	48	0.0	0.0	0.00	0.0000	---	---	---	---	698	1	100.0	30	
02/10/23	05:00	19.6	19.8	19.4	67	0.0	0.0	S	0.00	4.8	S	25.3	0.0	0.0	1020.9	0.00	0.0	0.000	0.000	25.1	48	0.0	0.0	0.00	0.0000	---	---	---	---	695	1	100.0	30	
02/10/23	05:30	19.3	19.6	19.3	68	0.0	0.0	S	0.00	3.2	S	25.1	0.0	0.0	1020.8	0.00	0.0	0.000	0.000	24.9	48	0.0	0.0	0.00	0.0000	---	---	---	---	698	1	100.0	30	
02/10/23	06:00	19.5	19.6	19.3	66	0.0	0.0	S	0.00	3.2	S	25.2	0.0	0.0	1021.0	0.00	0.0	0.000	0.000	24.9	48	0.0	0.0	0.00	0.0000	---	---	---	---	696	1	100.0	30	
02/10/23	06:30	19.2	19.8	19.2	67	0.0	0.0	NNE	0.00	0.0	NNE	25.0	0.0	0.0	1021.0	0.00	0.0	0.000	0.000	24.8	48	0.0	0.0	0.00	0.0000	---	---	---	---	698	1	100.0	30	
02/10/23	07:00	19.1	19.2	18.9	67	0.0	0.0	S	0.00	3.2	S	25.0	0.0	0.0	1021.0	0.00	0.0	0.000	0.000	24.7	48	0.0	0.0	0.00	0.0000	---	---	---	---	697	1	100.0	30	
02/10/23	07:30	19.4	19.4	19.1	67	0.0	0.0	S	0.00	3.2	S	25.2	0.0	0.0	1021.4	0.00	0.0	0.000	0.000	24.6	48	0.0	0.0	0.00	0.0000	---	---	---	---	696	1	100.0	30	
02/10/23	08:00	20.8	20.8	19.4	64	0.0	0.0	NNE	0.00	0.0	NNE	26.1	0.0	0.0	1021.8	0.00	0.0	0.000	0.000	24.7	48	0.0	0.0	0.00	0.0000	---	---	---	---	698	1	100.0	30	
02/10/23	08:30	22.3	22.3	20.8	64	0.0	0.0	NNE	0.00	0.0	NNE	27.0	0.0	0.0	1021.9	0.00	0.0	0.000	0.000	24.8	48	0.0	0.0	0.00	0.0000	---	---	---	---	695	1	100.0	30	
02/10/23	09:00	22.9	22.9	22.1	61	0.0	1.6	WSW	0.80	6.4	SW	24.9	0.0	0.0	1022.1	0.00	0.0	0.000	0.000	24.6	48	0.0	0.0	0.00	0.0000	---	---	---	---	696	1	100.0	30	
02/10/23	09:30	23.7	23.7	22.8	59	0.0	3.2	WSW	1.61	8.0	SW	25.4	0.0	0.0	1022.4	0.00	0.0	0.000	0.000	24.6	48	0.0	0.0	0.00	0.0000	---	---	---	---	695	1	100.0	30	
02/10/23	10:00	23.8	23.9	23.1	58	0.0	3.2	W	1.61	9.7	W	25.6	0.0	0.0	1022.6	0.00	0.0	0.000	0.000	24.7	48	0.0	0.0	0.00	0.0000	---	---	---	---	697	1	100.0	30	
02/10/23	10:30	24.2	24.4	23.5	55	0.0	3.2	NW	1.61	11.3	W	26.0	0.0	0.0	1022.8	0.00	0.0	0.000	0.000	24.8	49	0.0	0.0	0.00	0.0000	---	---	---	---	696	1	100.0	30	
02/10/23	11:00	25.2	25.3	24.2	52	0.0	3.2	W	1.61	11.3	W	27.1	0.0	0.0	1022.7	0.00	0.0	0.000	0.000	25.0	48	0.0	0.0	0.00	0.0000	---	---	---	---	699	1	100.0	30	
02/10/23	11:30	25.3	25.4	24.9	53	0.0	3.2	WNW	1.61	11.3	WSW	27.3	0.0	0.0	1022.6	0.00	0.0	0.000	0.000	25.2	48	0.0	0.0	0.00	0.0000	---	---	---	---	692	1	100.0	30	
02/10/23	12:00	25.6	25.9	25.1	51	0.0	3.2	NE	1.61	9.7	NNE	27.6	0.0	0.0	1022.4	0.00	0.0	0.000	0.000	25.3	48	0.0	0.0	0.00	0.0000	---	---	---	---	699	1	100.0	30	
02/10/23	12:30	26.3	26.6	25.2	49	0.0	3.2	W	1.61	11.3	W	28.3	0.0	0.0	1022.4	0.00	0.0	0.000	0.000	25.6	48	0.0	0.0	0.00	0.0000	---	---	---	---	694	1	100.0	30	
02/10/23	13:00	26.8	27.3	25.9	48	0.0	3.2	WNW	1.61	12.9	NNE	28.9	0.0	0.0	1022.1	0.00	0.0	0.000	0.000	25.8	48	0.0	0.0	0.00	0.0000	---	---	---	---	697	1	100.0	30	
02/10/23	13:30	27.0	27.3	26.6	48	0.0	3.2	NNE	1.61	12.9	NNE	29.1	0.0	0.0	1021.8	0.00	0.0	0.000	0.000	26.1	48	0.0	0.0	0.00	0.0000	---	---	---	---	695	1	100.0	30	
02/10/23	14:00	27.8	28.5	26.8	45	0.0	3.2	NE	1.61	14.5	NW	30.0	0.0	0.0	1021.7	0.00	0.0	0.000	0.000	26.3	48	0.0	0.0	0.00	0.0000	---	---	---	---	695	1	100.0	30	
02/10/23	14:30	27.7	27.9	27.3	48	0.0	3.2	WNW	1.61	12.9	ENE	29.8	0.0	0.0	1021.6	0.00	0.0	0.000	0.000	26.8	48	0.0	0.0	0.00	0.0000	---	---	---	---	696	1	100.0	30	
02/10/23	15:00	26.8	28.0	26.3	50	0.0	4.8	NE	2.41	17.7	NNE	28.9	0.0	0.0	1021.5	0.00	0.0	0.000	0.000	27.3	47	0.0	0.0	0.00	0.0000	---	---	---	---	695	1	100.0	30	
02/10/23	15:30	26.8	27.4	26.3	51	0.0	4.8	NE	2.41	14.5	N	28.9	0.0	0.0	1021.2	0.00	0.0	0.000	0.000	27.9	47	0.0	0.0	0.00	0.0000	---	---	---	---	696	1	100.0	30	
02/10/23	16:00	26.7	27.9	26.7	51	0.0	4.8	NE	2.41	17.7	NE	28.7	0.0	0.0	1021.2	0.00	0.0	0.000	0.000	28.4	46	0.0	0.0	0.00	0.0000	---	---	---	---	697	1	100.0	30	
02/10/23	16:30	26.9	27.1	26.6	52	0.0	4.8	NE	2.41	14.5	NNE	28.9	0.0	0.0	1021.1	0.00	0.0	0.000	0.000	28.7	46	0.0	0.0	0.00	0.0000	---	---	---	---	696	1	100.0	30	
02/10/23	17:00	26.6	26.9	25.9	53	0.0	4.8	NE	2.41	14.5	N	28.5	0.0	0.0	1020.9	0.00	0.0	0.000	0.000	28.9	46	0.0	0.0	0.00	0.0000	---	---	---	---	694	1	100.0	30	
02/10/23	17:30	25.6	26.7	25.6	54	0.0	4.8	NE	2.41	17.7	NE	27.4	0.0	0.0	1020.9	0.00	0.0	0.000	0.000	29.1	46	0.0	0.0	0.00	0.0000	---	---	---	---	695	1	100.0	30	
02/10/23	18:00	24.7	25.6	24.7	59	0.0	4.8	NNE	2.41	12.9	NNE	26.4	0.0	0.0	1020.9	0.00	0.0	0.000	0.000	28.9	46	0.0	0.0	0.00	0.0000	---	---	---	---	698	1	100.0	30	
02/10/23	18:30	23.9	24.7	23.9	63	0.0	3.2	NE	1.61	9.7	NNW	25.7	0.0	0.0	1020.9	0.00	0.0	0.000	0.000	28.5	46	0.0	0.0	0.00	0.0000	---	---	---	---	698	1	100.0	30	
02/10/23	19:00	23.3	23.9	23.3	66	0.0	1.6	ENE	0.80	4.8	NE	25.3	0.0	0.0	1021.0	0.00	0.0	0.000	0.000	28.2	47	0.0	0.0	0.00	0.0000	---	---	---	---	698	1	100.0	30	
02/10/23	19:30	22.6	23.3	22.6	68	0.0	1.6	ESE	0.80	4.8	N	24.5	0.0	0.0	1021.1	0.00	0.0	0.000	0.000	27.8	47	0.0	0.0	0.00	0.0000	---	---	---	---	698	1	100.0	30	
02/10/23	20:00	21.6	22.6	21.6	71	0.0	0.0	NE	0.00	4.8	NE	26.5	0.0	0.0	1021.4	0.00	0.0	0.000	0.000	27.6	47	0.0	0.0	0.00	0.0000	---	---	---	---	695	1	100.0	30	
02/10/23	20:30	21.6	21.6	21.4	71	0.0	1.6	SSW	0.80	4.8	SSW	23.5	0.0	0.0	1021.6	0.00	0.0	0.000	0.000	27.3	47	0.0	0.0	0.00	0.0000	---	---	---	---	698	1	100.0	30	
02/10/23	21:00	21.6	21.6	21.4	70	0.0	1.6	SW	0.80	6.4	SSW	23.5	0.0	0.0	1021.6	0.00	0.0	0.000	0.000	27.1	47	0.0	0.0	0.00	0.0000	---	---	---	---	698	1	100.0	30	
02/10/23	21:30	21.2	21.7	21.2	71	0.0	1.6	SW	0.80	4.8	S	23.1	0.0	0.0	1021.7	0.00	0.0	0.000	0.000	26.9	48	0.0	0.0	0.00	0.0000	---	---	---	---	698	1	100.0	30	
02/10/23	22:00	21.6	21.6	21.1	71	0.0	1.6	SW	0.80	6.4	SW	23.5	0.0	0.0	1021.5	0.00	0.0	0.000	0.000	26.7	48	0.0	0.0	0.00	0.0000	---	---	---	---	698	1	100.0	30	
02/10/23	22:30	21.6	21.7	21.4	69	0.0	3.2	SW	1.61	6.4	SW	23.2	0.0	0.0	1021.8	0.00	0.0	0.000	0.000	26.6	48	0.0	0.0	0.00	0.0000	---	---	---	---	695	1	100.0	30	
02/10/23	23:00	21.5	21.7	21.4	71	0.0	1.6	SW	0.80	4.8	SW	23.4	0.0	0.0	1021.5	0.00	0.0	0.000	0.000	26.4	48	0.0	0.0	0.00	0.0000	---	---	---	---	698	1	100.0	30	
02/10/23	23:30	20.8	21.5	20.8	73	0.0	0.0	NNE	0.00	0.0	NNE	26.1	0.0	0.0	1021.5	0.00	0.0	0.000	0.000	26.3	48	0.0	0.0	0.00	0.0000	---	---	---	---	696	1	100.0	30	
03/10/23	00:00	21.1	21.2	20.8	72	0.0	0.0	NNE	0.00	0.0	NNE	26.2	0.0	0.0	1021.5	0.00	0.0	0.000	0.000	26.2	48	0.0	0.0	0.00	0.0000	---	---	---	---	698	1	100.0	30	
03/10/23	00:30	21.2	21.3	21.1	70	0.0	0.0	NNE	0.00	0.0	NNE	26.3	0.0	0.0	1021.5	0.00	0.0	0.000	0.000	26.0	48	0.0	0.0	0.00	0.0000	---	---	---	---	696	1	100.0	30	
03/10/23	01:00	21.1	21.6	21.1	70	0.0	0.0	NNE	0.00	0.0	NNE	26.2	0.0	0.0	1021.3	0.00	0.0	0.000	0.000	25.9	48	0.0	0.0	0.00	0.0000	---	---	---	---	698	1	100.0	30	
03/10/23	01:30	20.8	21.1	20.4	71	0.0	0.0	NNE	0.00	0.0	NNE	26.1	0.0	0.0	1021.4	0.00	0.0	0.000	0.000	25.8	48	0.0	0.0	0.00	0.0000	---	---	---	---	697	1	100.0	30	
03/10/23	02:00	21.2	21.3	20.8	69	0.0	0.0	NNE	0.00	0.0	NNE	26.3	0.0	0.0	1021.2	0.00	0.0	0.000	0.000	25.7	48	0.0	0.0	0.00	0.0000	---	---	---	---	698	1	100.0	30	
03/10/23	02:30	20.7	21.2	20.7	72	0.0	0.0	NNE	0.00	0.0	NNE	26.0	0.0	0.0	1021.0	0.00	0.0	0.000	0.000	25.6	48	0.0	0.0	0.00	0.0000	---	---	---	---	696	1	100.0	30	
03/10/23	03:00	21.7	21.7	20.7	68	0.0	0.0	NNE	0.00	0.0	NNE	26.6	0.0	0.0	1020.9	0.00	0.0	0.000	0.000	25.6	48	0.0	0.0	0.00	0.0000	---	---	---	---	696	1	100.0	30	
03/10/23	03:30	21.9	21.9	21.6	63	0.0	0.0	NNE	0.00	0.0	NNE	26.8	0.0	0.0	1020.6	0.00	0.0	0.000	0.000	25.5	48	0.0	0.0	0.00	0.0000	---	---	---	---	695	1	100.0	30	
03/10/23	04:00	21.6	22.0	21.6	62	0.0	0.0	NNE	0.00	0.0	NNE	26.6	0.0	0.0	1020.6	0.00	0.0	0.000	0.000	25.4	48	0.0	0.0	0.00	0.0000	---	---	---	---	698	1	100.0	30	
03/10/23	04:30	21.4	21.6	20.8	63	0.0	0.0	NNE	0.00	0.0	NNE	26.4	0.0	0.0	1020.5	0.00	0.0	0.000	0.000	25.3	48	0.0	0.0	0.00	0.0000	---	---	---	---	698	1	100.0	30	
03/10/23	05:00	21.2	21.5	20.9	65	0.0	0.0	NNE	0.00	0.0	NNE	26.3	0.0	0.0	1020.5	0.00	0.0	0.000	0.000	25.3	48	0.0	0.0	0.00	0.0000	---	---	---	---	697	1	100.0	30	
03/10/23	05:30	19.9	21.2	19.9	69	0.0	0.0	NNE	0.00	0.0	NNE	25.5	0.0	0.0	1020.3	0.00	0.0	0.000	0.000	25.2	48	0.0	0.0	0.00	0.0000	---	---	---	---	699	1	100.0	30	
03/10/23	06:00	20.2	20.4	19.8	68	0.0	0.0	NNE	0.00	0.0	NNE	25.7	0.0	0.0	1020.2	0.00	0.0	0.000	0.000	25.2	48	0.0	0.0	0.00	0.0000	---	---	---	---	697	1	100.0	30	
03/10/23	06:30	20.5	20.6	20.2	65	0.0	1.6	SSW	0.80	6.4	SSW	22.4	0.0	0.0	1020.0	0.00	0.0	0.000	0.000	25.1	48	0.0	0.0	0.00	0.0000	---	---	---	---	697	1	100.0	30	
03/10/23	07:00	20.1	20.7	20.0	65	0.0	0.0	SSW	0.00	6.4	SSW	25.6	0.0	0.0	1020.1	0.00	0.0	0.000	0.000	25.0	48	0.0	0.0	0.00	0.0000	---	---	---	---	697	1	100.0	30	
03/10/23	07:30	20.7	20.7	20.1	62	0.0	3.2	SSW	1.61	11.3	SSW	22.1	0.0	0.0	1020.4	0.00	0.0	0.000	0.000	24.7	48	0.0	0.0	0.00	0.0000	---	---	---	---	698	1	100.0	30	
03/10/23	08:00	21.7	21.7	20.7	60	0.0	3.2	SSW	1.61	9.7	SSW	23.3	0.0	0.0	1020.7	0.00	0.0	0.000	0.000	24.7	48	0.0	0.0	0.00	0.0000	---	---	---	---	694	1	100.0	30	
03/10/23	08:30	23.1	23.1	21.8	59	0.0	3.2	SW	1.61	6.4	SW	24.8	0.0	0.0	1020.9	0.00	0.0	0.000	0.000	25.0	48	0.0	0.0	0.00	0.0000	---	---	---	---	691	1	100.0	30	
03/10/23	09:00	23.8	23.8	23.0	59	0.0	3.2	WSW	1.61	6.4	SW	25.6	0.0	0.0	1021.0	0.00	0.0	0.000	0.000	24.7	48	0.0	0.0	0.00	0.0000	---	---	---	---	694	1	100.0	30	
03/10/23	09:30	24.0	24.3	23.6	59	0.0	1.6	WSW	0.80	6.4	WSW	26.0	0.0	0.0	1021.2	0.00	0.0	0.000	0.000	24.6	49	0.0	0.0	0.00	0.0000	---	---	---	---	693	1	100.0	30	
03/10/23	10:00	24.8	25.1	24.1	58	0.0	3.2	WSW	1.61	9.7	W	26.7	0.0	0.0	1021.4	0.00	0.0	0.000	0.000	24.8	49	0.0	0.0	0.00	0.0000	---	---	---	---	693	1	100.0	30	
03/10/23	10:30	25.1	25.2	24.4	56	0.0	1.6	NW	0.80	6.4	W	27.1	0.0	0.0	1021.5	0.00	0.0	0.000	0.000	24.9	49	0.0	0.0	0.00	0.0000	---	---	---	---	698	1	100.0	30	
03/10/23	11:00	26.1	26.3	25.1	53	0.0	1.6	W	0.80	9.7	WNW	28.2	0.0	0.0	1021.6	0.00	0.0	0.000	0.000	25.2	49	0.0	0.0	0.00	0.0000	---	---	---	---	698	1	100.0	30	
03/10/23	11:30	26.9	27.1	25.9	51	0.0	3.2	NNE	1.61	11.3	NNE	29.0	0.0	0.0	1021.7	0.00	0.0	0.000	0.000	25.3	48	0.0	0.0	0.00	0.0000	---	---	---	---	695	1	100.0	30	
03/10/23	12:00	27.8	28.0	26.6	48	0.0	3.2	NE	1.61	8.0	NE	30.0	0.0	0.0	1021.5	0.00	0.0	0.000	0.000	25.6	48	0.0	0.0	0.00	0.0000	---	---	---	---	698	1	100.0	30	
03/10/23	12:30	28.1	28.1	27.3	49	0.0	3.2	NE	1.61	14.5	NE	30.3	0.0	0.0	1021.4	0.00	0.0	0.000	0.000	25.8	48	0.0	0.0	0.00	0.0000	---	---	---	---	697	1	100.0	30	
03/10/23	13:00	28.2	28.4	27.8	47	0.0	4.8	NNE	2.41	12.9	WNW	30.4	0.0	0.0	1021.1	0.00	0.0	0.000	0.000	26.2	48	0.0	0.0	0.00	0.0000	---	---	---	---	693	1	100.0	30	
03/10/23	13:30	29.1	29.1	27.9	46	0.0	4.8	NE	2.41	16.1	NE	31.4	0.0	0.0	1020.8	0.00	0.0	0.000	0.000	26.5	48	0.0	0.0	0.00	0.0000	---	---	---	---	696	1	100.0	30	
03/10/23	14:00	28.8	29.2	28.4	52	0.0	6.4	NE	3.22	17.7	NNW	31.1	0.0	0.0	1020.6	0.00	0.0	0.000	0.000	26.9	48	0.0	0.0	0.00	0.0000	---	---	---	---	698	1	100.0	30	
03/10/23	14:30	28.7	29.2	28.4	53	0.0	6.4	NE	3.22	17.7	NNE	30.9	0.0	0.0	1020.3	0.00	0.0	0.000	0.000	27.4	48	0.0	0.0	0.00	0.0000	---	---	---	---	695	1	100.0	30	
03/10/23	15:00	28.4	28.9	28.2	51	0.0	6.4	NE	3.22	17.7	N	30.7	0.0	0.0	1020.3	0.00	0.0	0.000	0.000	28.2	48	0.0	0.0	0.00	0.0000	---	---	---	---	696	1	100.0	30	
03/10/23	15:30	27.7	28.4	27.6	54	0.0	9.7	NNE	4.83	22.5	NE	29.7	0.0	0.0	1020.4	0.00	0.0	0.000	0.000	28.9	47	0.0	0.0	0.00	0.0000	---	---	---	---	697	1	100.0	30	
03/10/23	16:00	28.1	28.1	27.5	50	0.0	6.4	NE	3.22	19.3	NE	30.3	0.0	0.0	1020.3	0.00	0.0	0.000	0.000	29.4	47	0.0	0.0	0.00	0.0000	---	---	---	---	698	1	100.0	30	
03/10/23	16:30	27.2	28.2	27.2	50	0.0	4.8	NNE	2.41	17.7	NE	29.2	0.0	0.0	1020.2	0.00	0.0	0.000	0.000	29.7	47	0.0	0.0	0.00	0.0000	---	---	---	---	694	1	100.0	30	
03/10/23	17:00	26.6	27.2	26.6	51	0.0	8.0	NNE	4.02	17.7	NE	28.5	0.0	0.0	1020.0	0.00	0.0	0.000	0.000	29.6	47	0.0	0.0	0.00	0.0000	---	---	---	---	696	1	100.0	30	
03/10/23	17:30	26.3	26.8	26.3	50	0.0	4.8	NE	2.41	16.1	NNE	28.3	0.0	0.0	1020.0	0.00	0.0	0.000	0.000	29.6	47	0.0	0.0	0.00	0.0000	---	---	---	---	699	1	100.0	30	
03/10/23	18:00	25.2	26.3	25.2	50	0.0	4.8	NNE	2.41	14.5	ENE	27.0	0.0	0.0	1020.0	0.00	0.0	0.000	0.000	29.2	47	0.0	0.0	0.00	0.0000	---	---	---	---	694	1	100.0	30	
03/10/23	18:30	24.3	25.2	24.3	53	0.0	3.2	NE	1.61	9.7	NE	26.2	0.0	0.0	1020.0	0.00	0.0	0.000	0.000	28.8	47	0.0	0.0	0.00	0.0000	---	---	---	---	697	1	100.0	30	
03/10/23	19:00	23.1	24.3	23.1	60	0.0	3.2	NE	1.61	8.0	NE	24.8	0.0	0.0	1020.2	0.00	0.0	0.000	0.000	28.4	47	0.0	0.0	0.00	0.0000	---	---	---	---	693	1	100.0	30	
03/10/23	19:30	21.9	23.1	21.8	64	0.0	0.0	ENE	0.00	4.8	ENE	26.7	0.0	0.0	1020.0	0.00	0.0	0.000	0.000	28.1	47	0.0	0.0	0.00	0.0000	---	---	---	---	696	1	100.0	30	
03/10/23	20:00	21.4	21.9	21.4	64	0.0	0.0	NNE	0.00	0.0	NNE	26.4	0.0	0.0	1020.1	0.00	0.0	0.000	0.000	27.7	47	0.0	0.0	0.00	0.0000	---	---	---	---	694	1	100.0	30	
03/10/23	20:30	21.5	21.5	21.2	58	0.0	0.0	NNE	0.00	0.0	NNE	26.5	0.0	0.0	1020.1	0.00	0.0	0.000	0.000	27.4	47	0.0	0.0	0.00	0.0000	---	---	---	---	694	1	100.0	30	
03/10/23	21:00	21.3	21.6	21.3	52	0.0	1.6	SW	0.80	6.4	SW	23.2	0.0	0.0	1020.4	0.00	0.0	0.000	0.000	27.2	47	0.0	0.0	0.00	0.0000	---	---	---	---	694	1	100.0	30	
03/10/23	21:30	21.4	21.6	21.3	54	0.0	3.2	SW	1.61	8.0	SSW	23.0	0.0	0.0	1020.6	0.00	0.0	0.000	0.000	27.0	47	0.0	0.0	0.00	0.0000	---	---	---	---	694	1	100.0	30	
03/10/23	22:00	21.1	21.6	21.1	54	0.0	1.6	SSW	0.80	6.4	SW	22.9	0.0	0.0	1020.5	0.00	0.0	0.000	0.000	26.8	47	0.0	0.0	0.00	0.0000	---	---	---	---	696	1	100.0	30	
03/10/23	22:30	20.7	21.1	20.5	50	0.0	0.0	NNE	0.00	0.0	NNE	26.0	0.0	0.0	1020.5	0.00	0.0	0.000	0.000	26.6	47	0.0	0.0	0.00	0.0000	---	---	---	---	694	1	100.0	30	
03/10/23	23:00	20.3	20.8	20.1	54	0.0	0.0	NNE	0.00	0.0	NNE	25.8	0.0	0.0	1020.6	0.00	0.0	0.000	0.000	26.4	47	0.0	0.0	0.00	0.0000	---	---	---	---	697	1	100.0	30	
03/10/23	23:30	19.8	20.4	19.8	57	0.0	0.0	SSW	0.00	1.6	SSW	25.4	0.0	0.0	1020.6	0.00	0.0	0.000	0.000	26.3	47	0.0	0.0	0.00	0.0000	---	---	---	---	697	1	100.0	30	
04/10/23	00:00	19.6	19.8	19.5	62	0.0	0.0	SSW	0.00	1.6	SSW	25.3	0.0	0.0	1020.5	0.00	0.0	0.000	0.000	26.1	47	0.0	0.0	0.00	0.0000	---	---	---	---	694	1	100.0	30	
04/10/23	00:30	19.4	19.6	19.0	62	0.0	0.0	SSW	0.00	3.2	SSW	25.2	0.0	0.0	1020.2	0.00	0.0	0.000	0.000	25.9	47	0.0	0.0	0.00	0.0000	---	---	---	---	694	1	100.0	30	
04/10/23	01:00	19.9	19.9	19.4	56	0.0	0.0	SSW	0.00	3.2	SSW	25.5	0.0	0.0	1020.1	0.00	0.0	0.000	0.000	25.8	47	0.0	0.0	0.00	0.0000	---	---	---	---	698	1	100.0	30	
04/10/23	01:30	18.9	20.0	18.8	62	0.0	0.0	NNE	0.00	0.0	NNE	24.9	0.0	0.0	1020.0	0.00	0.0	0.000	0.000	25.7	47	0.0	0.0	0.00	0.0000	---	---	---	---	697	1	100.0	30	
04/10/23	02:00	18.9	19.1	18.8	63	0.0	0.0	NNE	0.00	0.0	NNE	24.9	0.0	0.0	1019.9	0.00	0.0	0.000	0.000	25.6	47	0.0	0.0	0.00	0.0000	---	---	---	---	699	1	100.0	30	
04/10/23	02:30	18.9	19.1	18.8	63	0.0	0.0	NNE	0.00	0.0	NNE	24.9	0.0	0.0	1019.8	0.00	0.0	0.000	0.000	25.4	47	0.0	0.0	0.00	0.0000	---	---	---	---	695	1	100.0	30	
04/10/23	03:00	18.8	18.9	18.7	63	0.0	0.0	NNE	0.00	0.0	NNE	24.8	0.0	0.0	1019.6	0.00	0.0	0.000	0.000	25.3	47	0.0	0.0	0.00	0.0000	---	---	---	---	697	1	100.0	30	
04/10/23	03:30	18.9	18.9	18.6	62	0.0	0.0	NNE	0.00	0.0	NNE	24.9	0.0	0.0	1019.5	0.00	0.0	0.000	0.000	25.2	47	0.0	0.0	0.00	0.0000	---	---	---	---	695	1	100.0	30	
04/10/23	04:00	18.3	19.1	18.3	63	0.0	0.0	NNE	0.00	0.0	NNE	24.5	0.0	0.0	1019.4	0.00	0.0	0.000	0.000	25.1	47	0.0	0.0	0.00	0.0000	---	---	---	---	695	1	100.0	30	
04/10/23	04:30	18.2	18.5	18.1	60	0.0	0.0	NNE	0.00	0.0	NNE	24.4	0.0	0.0	1019.3	0.00	0.0	0.000	0.000	25.1	47	0.0	0.0	0.00	0.0000	---	---	---	---	694	1	100.0	30	
04/10/23	05:00	18.3	18.4	17.9	61	0.0	0.0	NNE	0.00	0.0	NNE	24.5	0.0	0.0	1019.3	0.00	0.0	0.000	0.000	24.9	47	0.0	0.0	0.00	0.0000	---	---	---	---	697	1	100.0	30	
04/10/23	05:30	18.8	18.8	18.3	59	0.0	0.0	NNE	0.00	0.0	NNE	24.8	0.0	0.0	1019.3	0.00	0.0	0.000	0.000	24.9	47	0.0	0.0	0.00	0.0000	---	---	---	---	694	1	100.0	30	
04/10/23	06:00	18.9	19.1	18.8	57	0.0	0.0	NNE	0.00	0.0	NNE	24.9	0.0	0.0	1019.3	0.00	0.0	0.000	0.000	24.8	47	0.0	0.0	0.00	0.0000	---	---	---	---	696	1	100.0	30	
04/10/23	06:30	18.5	19.1	18.5	59	0.0	0.0	NNE	0.00	0.0	NNE	24.6	0.0	0.0	1019.2	0.00	0.0	0.000	0.000	24.7	47	0.0	0.0	0.00	0.0000	---	---	---	---	697	1	100.0	30	
04/10/23	07:00	18.7	18.7	18.4	59	0.0	0.0	NNE	0.00	0.0	NNE	24.7	0.0	0.0	1019.2	0.00	0.0	0.000	0.000	24.7	47	0.0	0.0	0.00	0.0000	---	---	---	---	696	1	100.0	30	
04/10/23	07:30	19.5	19.6	18.6	56	0.0	0.0	NNE	0.00	0.0	NNE	25.2	0.0	0.0	1019.3	0.00	0.0	0.000	0.000	24.5	46	0.0	0.0	0.00	0.0000	---	---	---	---	698	1	100.0	30	
04/10/23	08:00	20.8	20.8	19.3	55	0.0	0.0	NNE	0.00	0.0	NNE	26.1	0.0	0.0	1019.8	0.00	0.0	0.000	0.000	24.2	46	0.0	0.0	0.00	0.0000	---	---	---	---	692	1	100.0	30	
04/10/23	08:30	21.7	21.7	20.8	53	0.0	0.0	NNE	0.00	0.0	NNE	26.6	0.0	0.0	1020.0	0.00	0.0	0.000	0.000	24.2	46	0.0	0.0	0.00	0.0000	---	---	---	---	686	1	100.0	30	
04/10/23	09:00	22.2	22.3	21.7	53	0.0	0.0	NNE	0.00	0.0	NNE	26.9	0.0	0.0	1020.2	0.00	0.0	0.000	0.000	23.9	46	0.0	0.0	0.00	0.0000	---	---	---	---	697	1	100.0	30	
04/10/23	09:30	23.1	23.2	22.2	49	0.0	1.6	W	0.80	6.4	W	25.0	0.0	0.0	1020.6	0.00	0.0	0.000	0.000	24.0	46	0.0	0.0	0.00	0.0000	---	---	---	---	695	1	100.0	30	
04/10/23	10:00	23.4	23.6	22.9	48	0.0	3.2	W	1.61	8.0	SW	25.2	0.0	0.0	1020.7	0.00	0.0	0.000	0.000	24.1	46	0.0	0.0	0.00	0.0000	---	---	---	---	692	1	100.0	30	
04/10/23	10:30	24.2	24.4	23.3	46	0.0	3.2	W	1.61	9.7	W	26.0	0.0	0.0	1020.7	0.00	0.0	0.000	0.000	24.3	46	0.0	0.0	0.00	0.0000	---	---	---	---	697	1	100.0	30	
04/10/23	11:00	24.2	25.3	23.8	48	0.0	3.2	NNE	1.61	8.0	WSW	26.0	0.0	0.0	1020.9	0.00	0.0	0.000	0.000	24.6	46	0.0	0.0	0.00	0.0000	---	---	---	---	696	1	100.0	30	
04/10/23	11:30	24.9	25.1	24.0	46	0.0	3.2	NE	1.61	9.7	NW	26.8	0.0	0.0	1021.0	0.00	0.0	0.000	0.000	24.8	46	0.0	0.0	0.00	0.0000	---	---	---	---	698	1	100.0	30	
04/10/23	12:00	25.8	26.2	24.8	45	0.0	3.2	NE	1.61	11.3	E	27.8	0.0	0.0	1021.0	0.00	0.0	0.000	0.000	25.0	46	0.0	0.0	0.00	0.0000	---	---	---	---	696	1	100.0	30	
04/10/23	12:30	25.8	26.4	25.3	46	0.0	3.2	NE	1.61	12.9	ENE	27.8	0.0	0.0	1020.9	0.00	0.0	0.000	0.000	25.2	46	0.0	0.0	0.00	0.0000	---	---	---	---	696	1	100.0	30	
04/10/23	13:00	26.5	26.5	25.7	41	0.0	4.8	NNE	2.41	12.9	NNE	28.5	0.0	0.0	1020.7	0.00	0.0	0.000	0.000	25.5	46	0.0	0.0	0.00	0.0000	---	---	---	---	696	1	100.0	30	
04/10/23	13:30	27.4	27.6	26.5	40	0.0	4.8	NNE	2.41	19.3	ENE	29.5	0.0	0.0	1020.5	0.00	0.0	0.000	0.000	25.8	46	0.0	0.0	0.00	0.0000	---	---	---	---	698	1	100.0	30	
04/10/23	14:00	28.4	28.5	27.3	39	0.0	4.8	NE	2.41	17.7	NNE	30.6	0.0	0.0	1020.4	0.00	0.0	0.000	0.000	26.2	46	0.0	0.0	0.00	0.0000	---	---	---	---	698	1	100.0	30	
04/10/23	14:30	27.7	28.3	26.8	43	0.0	8.0	NE	4.02	19.3	NNE	29.8	0.0	0.0	1020.3	0.00	0.0	0.000	0.000	26.6	46	0.0	0.0	0.00	0.0000	---	---	---	---	696	1	100.0	30	
04/10/23	15:00	27.3	27.8	26.9	44	0.0	6.4	NE	3.22	17.7	NNE	29.3	0.0	0.0	1020.1	0.00	0.0	0.000	0.000	27.2	45	0.0	0.0	0.00	0.0000	---	---	---	---	696	1	100.0	30	
04/10/23	15:30	26.9	27.5	26.8	46	0.0	6.4	ENE	3.22	17.7	NNE	28.9	0.0	0.0	1019.9	0.00	0.0	0.000	0.000	27.8	45	0.0	0.0	0.00	0.0000	---	---	---	---	694	1	100.0	30	
04/10/23	16:00	26.4	26.9	26.4	52	0.0	4.8	ENE	2.41	17.7	N	28.4	0.0	0.0	1019.9	0.00	0.0	0.000	0.000	28.2	45	0.0	0.0	0.00	0.0000	---	---	---	---	696	1	100.0	30	
04/10/23	16:30	25.8	26.6	25.3	55	0.0	6.4	NE	3.22	17.7	NNE	27.7	0.0	0.0	1019.9	0.00	0.0	0.000	0.000	28.6	45	0.0	0.0	0.00	0.0000	---	---	---	---	694	1	100.0	30	
04/10/23	17:00	25.6	26.2	25.4	53	0.0	4.8	NE	2.41	16.1	NE	27.4	0.0	0.0	1020.0	0.00	0.0	0.000	0.000	28.8	45	0.0	0.0	0.00	0.0000	---	---	---	---	695	1	100.0	30	
04/10/23	17:30	24.5	25.8	24.5	62	0.0	4.8	NE	2.41	16.1	NNE	26.2	0.0	0.0	1019.9	0.00	0.0	0.000	0.000	28.8	45	0.0	0.0	0.00	0.0000	---	---	---	---	694	1	100.0	30	
04/10/23	18:00	23.6	24.5	23.6	65	0.0	4.8	NE	2.41	16.1	NNE	25.1	0.0	0.0	1020.0	0.00	0.0	0.000	0.000	28.6	45	0.0	0.0	0.00	0.0000	---	---	---	---	696	1	100.0	30	
04/10/23	18:30	22.8	23.6	22.8	72	0.0	3.2	ENE	1.61	8.0	E	24.5	0.0	0.0	1019.9	0.00	0.0	0.000	0.000	28.2	45	0.0	0.0	0.00	0.0000	---	---	---	---	695	1	100.0	30	
04/10/23	19:00	21.8	22.8	21.8	77	0.0	1.6	NE	0.80	8.0	NE	23.7	0.0	0.0	1019.8	0.00	0.0	0.000	0.000	27.8	46	0.0	0.0	0.00	0.0000	---	---	---	---	692	1	100.0	30	
04/10/23	19:30	21.2	21.8	21.2	80	0.0	1.6	ENE	0.80	8.0	NE	23.1	0.0	0.0	1020.0	0.00	0.0	0.000	0.000	27.5	46	0.0	0.0	0.00	0.0000	---	---	---	---	696	1	100.0	30	
04/10/23	20:00	20.2	21.2	20.2	80	0.0	0.0	ENE	0.00	4.8	ENE	25.7	0.0	0.0	1020.3	0.00	0.0	0.000	0.000	27.2	47	0.0	0.0	0.00	0.0000	---	---	---	---	695	1	100.0	30	
04/10/23	20:30	20.1	20.2	20.1	82	0.0	0.0	ENE	0.00	1.6	ENE	25.6	0.0	0.0	1020.5	0.00	0.0	0.000	0.000	26.9	47	0.0	0.0	0.00	0.0000	---	---	---	---	698	1	100.0	30	
04/10/23	21:00	19.7	20.1	19.7	81	0.0	0.0	NNE	0.00	0.0	NNE	25.4	0.0	0.0	1020.6	0.00	0.0	0.000	0.000	26.7	47	0.0	0.0	0.00	0.0000	---	---	---	---	695	1	100.0	30	
04/10/23	21:30	19.4	19.9	19.4	74	0.0	0.0	ENE	0.00	1.6	ENE	25.2	0.0	0.0	1020.6	0.00	0.0	0.000	0.000	26.5	47	0.0	0.0	0.00	0.0000	---	---	---	---	697	1	100.0	30	
04/10/23	22:00	19.4	19.5	19.4	66	0.0	0.0	E	0.00	3.2	ENE	25.2	0.0	0.0	1020.6	0.00	0.0	0.000	0.000	26.3	47	0.0	0.0	0.00	0.0000	---	---	---	---	697	1	100.0	30	
04/10/23	22:30	19.6	19.6	19.3	66	0.0	0.0	E	0.00	3.2	E	25.3	0.0	0.0	1020.8	0.00	0.0	0.000	0.000	26.2	47	0.0	0.0	0.00	0.0000	---	---	---	---	697	1	100.0	30	
04/10/23	23:00	19.3	19.6	19.2	69	0.0	0.0	E	0.00	3.2	E	25.1	0.0	0.0	1020.9	0.00	0.0	0.000	0.000	26.1	47	0.0	0.0	0.00	0.0000	---	---	---	---	695	1	100.0	30	
04/10/23	23:30	19.2	19.4	19.1	74	0.0	1.6	ESE	0.80	4.8	ENE	21.0	0.0	0.0	1020.8	0.00	0.0	0.000	0.000	25.9	47	0.0	0.0	0.00	0.0000	---	---	---	---	694	1	100.0	30	
05/10/23	00:00	19.3	19.4	19.1	79	0.0	1.6	E	0.80	6.4	SSE	21.1	0.0	0.0	1020.6	0.00	0.0	0.000	0.000	25.7	47	0.0	0.0	0.00	0.0000	---	---	---	---	696	1	100.0	30	
05/10/23	00:30	18.6	19.3	18.3	74	0.0	1.6	ESE	0.80	6.4	SSE	20.3	0.0	0.0	1020.4	0.00	0.0	0.000	0.000	25.6	47	0.0	0.0	0.00	0.0000	---	---	---	---	695	1	100.0	30	
05/10/23	01:00	18.9	18.9	18.6	76	0.0	0.0	S	0.00	4.8	S	24.9	0.0	0.0	1020.3	0.00	0.0	0.000	0.000	25.5	47	0.0	0.0	0.00	0.0000	---	---	---	---	698	1	100.0	30	
05/10/23	01:30	18.6	19.1	18.6	82	0.0	0.0	NNE	0.00	0.0	NNE	24.7	0.0	0.0	1020.4	0.00	0.0	0.000	0.000	25.4	47	0.0	0.0	0.00	0.0000	---	---	---	---	697	1	100.0	30	
05/10/23	02:00	19.1	19.1	18.6	85	0.0	0.0	NNE	0.00	0.0	NNE	25.0	0.0	0.0	1020.5	0.00	0.0	0.000	0.000	25.3	48	0.0	0.0	0.00	0.0000	---	---	---	---	698	1	100.0	30	
05/10/23	02:30	18.6	19.1	18.6	85	0.0	1.6	SSW	0.80	6.4	SSW	20.4	0.0	0.0	1020.0	0.00	0.0	0.000	0.000	25.2	48	0.0	0.0	0.00	0.0000	---	---	---	---	695	1	100.0	30	
05/10/23	03:00	18.8	18.9	18.6	86	0.0	0.0	SSW	0.00	3.2	SSW	24.8	0.0	0.0	1020.0	0.00	0.0	0.000	0.000	25.1	48	0.0	0.0	0.00	0.0000	---	---	---	---	697	1	100.0	30	
05/10/23	03:30	19.2	19.3	18.7	88	0.0	0.0	NNE	0.00	0.0	NNE	25.0	0.0	0.0	1020.0	0.00	0.0	0.000	0.000	25.0	48	0.0	0.0	0.00	0.0000	---	---	---	---	697	1	100.0	30	
05/10/23	04:00	19.7	19.8	19.2	88	0.0	0.0	NNE	0.00	0.0	NNE	25.4	0.0	0.0	1019.9	0.00	0.0	0.000	0.000	25.0	48	0.0	0.0	0.00	0.0000	---	---	---	---	699	1	100.0	30	
05/10/23	04:30	19.5	19.8	19.5	88	0.0	0.0	NNE	0.00	0.0	NNE	25.2	0.0	0.0	1019.7	0.00	0.0	0.000	0.000	24.9	49	0.0	0.0	0.00	0.0000	---	---	---	---	696	1	100.0	30	
05/10/23	05:00	19.6	19.6	19.4	87	0.0	0.0	SSE	0.00	1.6	SSE	25.3	0.0	0.0	1019.6	0.00	0.0	0.000	0.000	24.9	49	0.0	0.0	0.00	0.0000	---	---	---	---	695	1	100.0	30	
05/10/23	05:30	19.8	19.8	19.6	87	0.0	0.0	NNE	0.00	0.0	NNE	25.4	0.0	0.0	1019.7	0.00	0.0	0.000	0.000	24.9	49	0.0	0.0	0.00	0.0000	---	---	---	---	695	1	100.0	30	
05/10/23	06:00	19.8	19.9	19.8	88	0.0	0.0	NNE	0.00	0.0	NNE	25.4	0.0	0.0	1019.6	0.00	0.0	0.000	0.000	24.8	49	0.0	0.0	0.00	0.0000	---	---	---	---	696	1	100.0	30	
05/10/23	06:30	19.7	19.8	19.6	88	0.0	0.0	NNE	0.00	0.0	NNE	25.3	0.0	0.0	1019.6	0.00	0.0	0.000	0.000	24.8	49	0.0	0.0	0.00	0.0000	---	---	---	---	695	1	100.0	30	
05/10/23	07:00	19.5	19.8	19.5	89	0.0	0.0	NNE	0.00	0.0	NNE	25.2	0.0	0.0	1019.6	0.00	0.0	0.000	0.000	24.8	49	0.0	0.0	0.00	0.0000	---	---	---	---	697	1	100.0	30	
05/10/23	07:30	19.2	19.6	19.2	90	0.0	0.0	NNE	0.00	0.0	NNE	25.0	0.0	0.0	1019.9	0.00	0.0	0.000	0.000	24.7	50	0.0	0.0	0.00	0.0000	---	---	---	---	695	1	100.0	30	
05/10/23	08:00	19.7	19.7	19.1	90	0.0	0.0	NNE	0.00	0.0	NNE	25.3	0.0	0.0	1020.3	0.00	0.0	0.000	0.000	24.3	51	0.0	0.0	0.00	0.0000	---	---	---	---	696	1	100.0	30	
05/10/23	08:30	20.2	20.2	19.7	87	0.0	1.6	SW	0.80	8.0	SSW	22.1	0.0	0.0	1020.6	0.00	0.0	0.000	0.000	24.2	52	0.0	0.0	0.00	0.0000	---	---	---	---	686	1	100.0	30	
05/10/23	09:00	21.6	21.7	20.2	82	0.0	3.2	SW	1.61	6.4	SW	23.2	0.0	0.0	1020.8	0.00	0.0	0.000	0.000	24.1	51	0.0	0.0	0.00	0.0000	---	---	---	---	696	1	100.0	30	
05/10/23	09:30	22.2	22.2	21.4	79	0.0	1.6	SW	0.80	6.4	SW	24.1	0.0	0.0	1021.0	0.00	0.0	0.000	0.000	24.2	52	0.0	0.0	0.00	0.0000	---	---	---	---	697	1	100.0	30	
05/10/23	10:00	23.1	23.1	21.9	72	0.0	3.2	W	1.61	9.7	NW	24.8	0.0	0.0	1021.1	0.00	0.0	0.000	0.000	24.3	51	0.0	0.0	0.00	0.0000	---	---	---	---	698	1	100.0	30	
05/10/23	10:30	23.0	23.1	22.4	70	0.0	4.8	NE	2.41	9.7	NE	24.5	0.0	0.0	1021.3	0.00	0.0	0.000	0.000	24.5	51	0.0	0.0	0.00	0.0000	---	---	---	---	699	1	100.0	30	
05/10/23	11:00	24.0	24.1	22.9	66	0.0	3.2	NE	1.61	9.7	W	25.8	0.0	0.0	1021.5	0.00	0.0	0.000	0.000	24.7	51	0.0	0.0	0.00	0.0000	---	---	---	---	696	1	100.0	30	
05/10/23	11:30	22.6	24.0	22.5	70	0.0	3.2	NE	1.61	12.9	N	24.2	0.0	0.0	1021.6	0.00	0.0	0.000	0.000	24.8	51	0.0	0.0	0.00	0.0000	---	---	---	---	697	1	100.0	30	
05/10/23	12:00	24.4	24.9	22.6	60	0.0	4.8	NE	2.41	17.7	NE	26.2	0.0	0.0	1021.4	0.00	0.0	0.000	0.000	24.9	51	0.0	0.0	0.00	0.0000	---	---	---	---	696	1	100.0	30	
05/10/23	12:30	23.9	24.7	23.7	62	0.0	4.8	NE	2.41	16.1	NE	25.6	0.0	0.0	1021.2	0.00	0.0	0.000	0.000	25.1	50	0.0	0.0	0.00	0.0000	---	---	---	---	698	1	100.0	30	
05/10/23	13:00	25.2	25.7	23.7	58	0.0	4.8	NE	2.41	14.5	N	27.0	0.0	0.0	1021.2	0.00	0.0	0.000	0.000	25.3	50	0.0	0.0	0.00	0.0000	---	---	---	---	697	1	100.0	30	
05/10/23	13:30	25.2	25.8	24.6	55	0.0	4.8	NE	2.41	14.5	N	27.0	0.0	0.0	1020.9	0.00	0.0	0.000	0.000	25.5	50	0.0	0.0	0.00	0.0000	---	---	---	---	699	1	100.0	30	
05/10/23	14:00	24.9	26.1	24.9	57	0.0	6.4	NE	3.22	19.3	N	26.6	0.0	0.0	1020.5	0.00	0.0	0.000	0.000	25.8	50	0.0	0.0	0.00	0.0000	---	---	---	---	697	1	100.0	30	
05/10/23	14:30	25.9	25.9	24.8	54	0.0	6.4	NE	3.22	22.5	ENE	27.8	0.0	0.0	1020.4	0.00	0.0	0.000	0.000	26.1	49	0.0	0.0	0.00	0.0000	---	---	---	---	696	1	100.0	30	
05/10/23	15:00	25.1	26.1	24.8	57	0.0	6.4	NE	3.22	17.7	NE	26.8	0.0	0.0	1020.4	0.00	0.0	0.000	0.000	26.7	49	0.0	0.0	0.00	0.0000	---	---	---	---	698	1	100.0	30	
05/10/23	15:30	24.9	25.6	24.9	56	0.0	6.4	NE	3.22	17.7	NNE	26.6	0.0	0.0	1020.3	0.00	0.0	0.000	0.000	27.2	49	0.0	0.0	0.00	0.0000	---	---	---	---	695	1	100.0	30	
05/10/23	16:00	24.7	25.1	24.6	62	0.0	6.4	NNE	3.22	17.7	NE	26.3	0.0	0.0	1020.1	0.00	0.0	0.000	0.000	27.6	48	0.0	0.0	0.00	0.0000	---	---	---	---	697	1	100.0	30	
05/10/23	16:30	24.6	25.1	24.4	63	0.0	4.8	NE	2.41	11.3	E	26.3	0.0	0.0	1019.9	0.00	0.0	0.000	0.000	27.8	48	0.0	0.0	0.00	0.0000	---	---	---	---	696	1	100.0	30	
05/10/23	17:00	23.8	24.7	23.8	63	0.0	4.8	NE	2.41	17.7	N	25.5	0.0	0.0	1019.9	0.00	0.0	0.000	0.000	27.9	48	0.0	0.0	0.00	0.0000	---	---	---	---	695	1	100.0	30	
05/10/23	17:30	23.2	24.2	23.2	67	0.0	6.4	NNE	3.22	16.1	NNE	24.6	0.0	0.0	1019.9	0.00	0.0	0.000	0.000	27.9	48	0.0	0.0	0.00	0.0000	---	---	---	---	694	1	100.0	30	
05/10/23	18:00	22.7	23.3	22.7	68	0.0	4.8	NE	2.41	14.5	N	24.1	0.0	0.0	1019.9	0.00	0.0	0.000	0.000	27.7	49	0.0	0.0	0.00	0.0000	---	---	---	---	693	1	100.0	30	
05/10/23	18:30	21.8	22.6	21.8	71	0.0	3.2	ENE	1.61	11.3	E	23.4	0.0	0.0	1020.1	0.00	0.0	0.000	0.000	27.3	49	0.0	0.0	0.00	0.0000	---	---	---	---	694	1	100.0	30	
05/10/23	19:00	21.2	21.9	21.2	74	0.0	3.2	ENE	1.61	8.0	ENE	22.7	0.0	0.0	1019.9	0.00	0.0	0.000	0.000	27.1	49	0.0	0.0	0.00	0.0000	---	---	---	---	696	1	100.0	30	
05/10/23	19:30	20.3	21.2	20.3	77	0.0	1.6	ENE	0.80	6.4	E	22.1	0.0	0.0	1020.3	0.00	0.0	0.000	0.000	26.7	49	0.0	0.0	0.00	0.0000	---	---	---	---	694	1	100.0	30	
05/10/23	20:00	19.6	20.3	19.6	79	0.0	1.6	E	0.80	6.4	E	21.4	0.0	0.0	1020.4	0.00	0.0	0.000	0.000	26.5	49	0.0	0.0	0.00	0.0000	---	---	---	---	696	1	100.0	30	
05/10/23	20:30	19.2	19.6	19.2	78	0.0	1.6	SW	0.80	4.8	E	21.0	0.0	0.0	1020.4	0.00	0.0	0.000	0.000	26.3	49	0.0	0.0	0.00	0.0000	---	---	---	---	698	1	100.0	30	
05/10/23	21:00	18.9	19.1	18.7	76	0.0	1.6	SW	0.80	4.8	SW	20.7	0.0	0.0	1020.5	0.00	0.0	0.000	0.000	26.1	49	0.0	0.0	0.00	0.0000	---	---	---	---	697	1	100.0	30	
05/10/23	21:30	18.9	19.1	18.9	78	0.0	1.6	SW	0.80	6.4	SSW	20.7	0.0	0.0	1020.6	0.00	0.0	0.000	0.000	25.9	50	0.0	0.0	0.00	0.0000	---	---	---	---	697	1	100.0	30	
05/10/23	22:00	19.1	19.1	18.9	75	0.0	3.2	SW	1.61	6.4	SW	20.4	0.0	0.0	1020.8	0.00	0.0	0.000	0.000	25.7	50	0.0	0.0	0.00	0.0000	---	---	---	---	697	1	100.0	30	
05/10/23	22:30	19.3	19.3	19.0	74	0.0	1.6	SSW	0.80	4.8	SSW	21.1	0.0	0.0	1020.8	0.00	0.0	0.000	0.000	25.6	50	0.0	0.0	0.00	0.0000	---	---	---	---	695	1	100.0	30	
05/10/23	23:00	18.1	19.3	18.1	77	0.0	0.0	SSW	0.00	3.2	SSW	24.4	0.0	0.0	1020.7	0.00	0.0	0.000	0.000	25.4	50	0.0	0.0	0.00	0.0000	---	---	---	---	697	1	100.0	30	
05/10/23	23:30	18.2	18.2	17.8	76	0.0	0.0	ESE	0.00	3.2	SSW	24.4	0.0	0.0	1020.7	0.00	0.0	0.000	0.000	25.3	50	0.0	0.0	0.00	0.0000	---	---	---	---	698	1	100.0	30	
06/10/23	00:00	18.2	18.6	18.2	74	0.0	0.0	E	0.00	1.6	E	24.4	0.0	0.0	1020.6	0.00	0.0	0.000	0.000	25.2	50	0.0	0.0	0.00	0.0000	---	---	---	---	696	1	100.0	30	
06/10/23	00:30	18.4	18.6	18.2	76	0.0	0.0	NNE	0.00	0.0	NNE	24.5	0.0	0.0	1020.3	0.00	0.0	0.000	0.000	25.1	50	0.0	0.0	0.00	0.0000	---	---	---	---	695	1	100.0	30	
06/10/23	01:00	18.1	18.3	17.9	80	0.0	0.0	NNE	0.00	0.0	NNE	24.3	0.0	0.0	1020.1	0.00	0.0	0.000	0.000	25.0	50	0.0	0.0	0.00	0.0000	---	---	---	---	696	1	100.0	30	
06/10/23	01:30	18.2	18.3	17.9	81	0.0	0.0	NNE	0.00	0.0	NNE	24.4	0.0	0.0	1020.0	0.00	0.0	0.000	0.000	24.9	50	0.0	0.0	0.00	0.0000	---	---	---	---	697	1	100.0	30	
06/10/23	02:00	18.1	18.2	18.1	80	0.0	0.0	NNE	0.00	0.0	NNE	24.3	0.0	0.0	1020.6	0.00	0.0	0.000	0.000	24.8	50	0.0	0.0	0.00	0.0000	---	---	---	---	698	1	100.0	30	
06/10/23	02:30	18.2	18.2	17.9	81	0.0	0.0	NNE	0.00	0.0	NNE	24.4	0.0	0.0	1020.6	0.00	0.0	0.000	0.000	24.7	50	0.0	0.0	0.00	0.0000	---	---	---	---	696	1	100.0	30	
06/10/23	03:00	18.0	18.5	18.0	83	0.0	0.0	NNE	0.00	0.0	NNE	24.3	0.0	0.0	1020.5	0.00	0.0	0.000	0.000	24.7	50	0.0	0.0	0.00	0.0000	---	---	---	---	696	1	100.0	30	
06/10/23	03:30	18.0	18.0	17.7	83	0.0	0.0	NNE	0.00	0.0	NNE	24.3	0.0	0.0	1020.3	0.00	0.0	0.000	0.000	24.6	50	0.0	0.0	0.00	0.0000	---	---	---	---	695	1	100.0	30	
06/10/23	04:00	18.0	18.1	17.8	80	0.0	0.0	NNE	0.00	0.0	NNE	24.3	0.0	0.0	1020.5	0.00	0.0	0.000	0.000	24.4	50	0.0	0.0	0.00	0.0000	---	---	---	---	696	1	100.0	30	
06/10/23	04:30	18.1	18.2	17.8	78	0.0	0.0	SSE	0.00	4.8	SSE	24.4	0.0	0.0	1020.2	0.00	0.0	0.000	0.000	24.4	50	0.0	0.0	0.00	0.0000	---	---	---	---	696	1	100.0	30	
06/10/23	05:00	17.7	18.1	17.7	79	0.0	0.0	SSE	0.00	4.8	SSE	24.1	0.0	0.0	1019.9	0.00	0.0	0.000	0.000	24.3	50	0.0	0.0	0.00	0.0000	---	---	---	---	697	1	100.0	30	
06/10/23	05:30	18.0	18.0	17.7	77	0.0	0.0	SSE	0.00	3.2	SSE	24.3	0.0	0.0	1020.0	0.00	0.0	0.000	0.000	24.3	50	0.0	0.0	0.00	0.0000	---	---	---	---	696	1	100.0	30	
06/10/23	06:00	18.6	18.7	17.9	77	0.0	0.0	SSE	0.00	6.4	SSE	24.7	0.0	0.0	1019.9	0.00	0.0	0.000	0.000	24.2	50	0.0	0.0	0.00	0.0000	---	---	---	---	694	1	100.0	30	
06/10/23	06:30	18.0	18.6	18.0	80	0.0	3.2	S	1.61	8.0	S	19.2	0.0	0.0	1020.1	0.00	0.0	0.000	0.000	24.2	50	0.0	0.0	0.00	0.0000	---	---	---	---	697	1	100.0	30	
06/10/23	07:00	18.1	18.2	17.9	80	0.0	3.2	SSW	1.61	8.0	SSW	19.3	0.0	0.0	1020.1	0.00	0.0	0.000	0.000	24.1	50	0.0	0.0	0.00	0.0000	---	---	---	---	696	1	100.0	30	
06/10/23	07:30	18.6	18.6	18.1	77	0.0	3.2	SSW	1.61	4.8	SSW	19.8	0.0	0.0	1020.4	0.00	0.0	0.000	0.000	24.1	50	0.0	0.0	0.00	0.0000	---	---	---	---	695	1	100.0	30	
06/10/23	08:00	19.6	19.6	18.6	72	0.0	1.6	SSW	0.80	6.4	SSW	21.4	0.0	0.0	1020.7	0.00	0.0	0.000	0.000	24.1	50	0.0	0.0	0.00	0.0000	---	---	---	---	698	1	100.0	30	
06/10/23	08:30	20.6	20.6	19.6	72	0.0	4.8	SSW	2.41	8.0	SW	21.8	0.0	0.0	1020.8	0.00	0.0	0.000	0.000	24.1	50	0.0	0.0	0.00	0.0000	---	---	---	---	690	1	100.0	30	
06/10/23	09:00	21.3	21.3	20.6	73	0.0	3.2	SW	1.61	6.4	SW	22.9	0.0	0.0	1021.0	0.00	0.0	0.000	0.000	23.9	50	0.0	0.0	0.00	0.0000	---	---	---	---	696	1	100.0	30	
06/10/23	09:30	21.9	21.9	21.3	68	0.0	3.2	W	1.61	9.7	W	23.5	0.0	0.0	1021.4	0.00	0.0	0.000	0.000	24.1	50	0.0	0.0	0.00	0.0000	---	---	---	---	696	1	100.0	30	
06/10/23	10:00	22.0	22.3	21.9	70	0.0	3.2	W	1.61	6.4	W	23.6	0.0	0.0	1021.5	0.00	0.0	0.000	0.000	24.2	51	0.0	0.0	0.00	0.0000	---	---	---	---	694	1	100.0	30	
06/10/23	10:30	23.4	23.4	21.9	68	0.0	1.6	W	0.80	9.7	W	25.4	0.0	0.0	1021.6	0.00	0.0	0.000	0.000	24.3	51	0.0	0.0	0.00	0.0000	---	---	---	---	697	1	100.0	30	
06/10/23	11:00	23.8	24.1	23.2	65	0.0	3.2	WNW	1.61	8.0	SW	25.6	0.0	0.0	1021.8	0.00	0.0	0.000	0.000	24.5	51	0.0	0.0	0.00	0.0000	---	---	---	---	695	1	100.0	30	
06/10/23	11:30	24.2	24.4	23.7	64	0.0	3.2	W	1.61	12.9	W	26.0	0.0	0.0	1021.6	0.00	0.0	0.000	0.000	24.6	51	0.0	0.0	0.00	0.0000	---	---	---	---	693	1	100.0	30	
06/10/23	12:00	24.4	24.7	24.1	61	0.0	3.2	NE	1.61	11.3	NW	26.2	0.0	0.0	1021.6	0.00	0.0	0.000	0.000	24.8	51	0.0	0.0	0.00	0.0000	---	---	---	---	696	1	100.0	30	
06/10/23	12:30	24.8	24.9	24.3	58	0.0	3.2	NE	1.61	11.3	NE	26.7	0.0	0.0	1021.5	0.00	0.0	0.000	0.000	25.0	50	0.0	0.0	0.00	0.0000	---	---	---	---	697	1	100.0	30	
06/10/23	13:00	25.6	26.4	24.7	53	0.0	3.2	W	1.61	11.3	W	27.6	0.0	0.0	1021.1	0.00	0.0	0.000	0.000	25.2	50	0.0	0.0	0.00	0.0000	---	---	---	---	697	1	100.0	30	
06/10/23	13:30	26.1	26.4	25.4	50	0.0	4.8	NE	2.41	14.5	NE	28.0	0.0	0.0	1020.7	0.00	0.0	0.000	0.000	25.5	50	0.0	0.0	0.00	0.0000	---	---	---	---	698	1	100.0	30	
06/10/23	14:00	26.3	26.9	25.7	50	0.0	3.2	W	1.61	12.9	NW	28.3	0.0	0.0	1020.5	0.00	0.0	0.000	0.000	25.7	50	0.0	0.0	0.00	0.0000	---	---	---	---	696	1	100.0	30	
06/10/23	14:30	27.3	27.3	26.1	48	0.0	3.2	W	1.61	12.9	W	29.4	0.0	0.0	1020.4	0.00	0.0	0.000	0.000	26.1	50	0.0	0.0	0.00	0.0000	---	---	---	---	696	1	100.0	30	
06/10/23	15:00	26.8	27.6	26.2	54	0.0	3.2	NE	1.61	14.5	NE	28.9	0.0	0.0	1020.2	0.00	0.0	0.000	0.000	26.7	49	0.0	0.0	0.00	0.0000	---	---	---	---	695	1	100.0	30	
06/10/23	15:30	26.8	27.4	26.3	57	0.0	4.8	NE	2.41	16.1	NE	28.9	0.0	0.0	1020.0	0.00	0.0	0.000	0.000	27.2	49	0.0	0.0	0.00	0.0000	---	---	---	---	696	1	100.0	30	
06/10/23	16:00	26.2	26.8	25.9	60	0.0	4.8	NE	2.41	17.7	ENE	28.2	0.0	0.0	1019.8	0.00	0.0	0.000	0.000	27.6	49	0.0	0.0	0.00	0.0000	---	---	---	---	694	1	100.0	30	
06/10/23	16:30	26.3	26.5	26.1	60	0.0	4.8	ENE	2.41	14.5	NNE	28.2	0.0	0.0	1019.9	0.00	0.0	0.000	0.000	27.9	48	0.0	0.0	0.00	0.0000	---	---	---	---	691	1	100.0	30	
06/10/23	17:00	25.3	26.3	25.1	64	0.0	4.8	NE	2.41	14.5	N	27.2	0.0	0.0	1019.9	0.00	0.0	0.000	0.000	28.1	48	0.0	0.0	0.00	0.0000	---	---	---	---	694	1	100.0	30	
06/10/23	17:30	24.1	25.3	24.1	69	0.0	4.8	ENE	2.41	11.3	E	25.8	0.0	0.0	1019.8	0.00	0.0	0.000	0.000	28.1	49	0.0	0.0	0.00	0.0000	---	---	---	---	694	1	100.0	30	
06/10/23	18:00	23.3	24.1	23.3	72	0.0	3.2	NE	1.61	14.5	NNE	25.0	0.0	0.0	1019.9	0.00	0.0	0.000	0.000	27.8	49	0.0	0.0	0.00	0.0000	---	---	---	---	694	1	100.0	30	
06/10/23	18:30	22.4	23.3	22.4	75	0.0	3.2	NE	1.61	11.3	N	24.1	0.0	0.0	1019.9	0.00	0.0	0.000	0.000	27.6	49	0.0	0.0	0.00	0.0000	---	---	---	---	695	1	100.0	30	
06/10/23	19:00	21.6	22.4	21.6	78	0.0	1.6	NE	0.80	8.0	NE	23.5	0.0	0.0	1020.0	0.00	0.0	0.000	0.000	27.2	50	0.0	0.0	0.00	0.0000	---	---	---	---	697	1	100.0	30	
06/10/23	19:30	20.9	21.6	20.9	80	0.0	1.6	ENE	0.80	6.4	ENE	22.8	0.0	0.0	1020.2	0.00	0.0	0.000	0.000	26.9	50	0.0	0.0	0.00	0.0000	---	---	---	---	694	1	100.0	30	
06/10/23	20:00	20.4	20.9	20.4	81	0.0	1.6	NE	0.80	8.0	SW	22.2	0.0	0.0	1020.4	0.00	0.0	0.000	0.000	26.7	50	0.0	0.0	0.00	0.0000	---	---	---	---	698	1	100.0	30	
06/10/23	20:30	20.4	20.4	20.3	81	0.0	4.8	SSW	2.41	11.3	W	21.6	0.0	0.0	1020.5	0.00	0.0	0.000	0.000	26.4	50	0.0	0.0	0.00	0.0000	---	---	---	---	694	1	100.0	30	
06/10/23	21:00	20.3	20.4	20.3	82	0.0	4.8	SW	2.41	9.7	SSW	21.5	0.0	0.0	1020.7	0.00	0.0	0.000	0.000	26.3	51	0.0	0.0	0.00	0.0000	---	---	---	---	699	1	100.0	30	
06/10/23	21:30	20.3	20.4	20.3	81	0.0	4.8	SW	2.41	9.7	SW	21.4	0.0	0.0	1020.7	0.00	0.0	0.000	0.000	26.1	51	0.0	0.0	0.00	0.0000	---	---	---	---	695	1	100.0	30	
06/10/23	22:00	20.3	20.4	20.1	80	0.0	0.0	SW	0.00	4.8	SSW	25.8	0.0	0.0	1020.6	0.00	0.0	0.000	0.000	25.9	51	0.0	0.0	0.00	0.0000	---	---	---	---	696	1	100.0	30	
06/10/23	22:30	20.3	20.8	20.3	79	0.0	0.0	SW	0.00	3.2	SW	25.8	0.0	0.0	1020.6	0.00	0.0	0.000	0.000	25.8	51	0.0	0.0	0.00	0.0000	---	---	---	---	696	1	100.0	30	
06/10/23	23:00	20.2	20.5	20.2	79	0.0	0.0	SW	0.00	1.6	SW	25.7	0.0	0.0	1020.7	0.00	0.0	0.000	0.000	25.7	51	0.0	0.0	0.00	0.0000	---	---	---	---	695	1	100.0	30	
06/10/23	23:30	20.2	20.4	20.2	78	0.0	0.0	SW	0.00	1.6	SW	25.7	0.0	0.0	1020.7	0.00	0.0	0.000	0.000	25.6	51	0.0	0.0	0.00	0.0000	---	---	---	---	698	1	100.0	30	
07/10/23	00:00	20.4	20.5	20.1	78	0.0	0.0	NNE	0.00	0.0	NNE	25.8	0.0	0.0	1020.9	0.00	0.0	0.000	0.000	25.4	51	0.0	0.0	0.00	0.0000	---	---	---	---	695	1	100.0	30	
07/10/23	00:30	20.7	20.7	20.4	78	0.0	0.0	NNE	0.00	0.0	NNE	26.0	0.0	0.0	1020.7	0.00	0.0	0.000	0.000	25.4	51	0.0	0.0	0.00	0.0000	---	---	---	---	696	1	100.0	30	
07/10/23	01:00	20.8	21.0	20.7	77	0.0	0.0	NNE	0.00	0.0	NNE	26.1	0.0	0.0	1020.7	0.00	0.0	0.000	0.000	25.3	51	0.0	0.0	0.00	0.0000	---	---	---	---	698	1	100.0	30	
07/10/23	01:30	20.7	20.9	20.7	77	0.0	0.0	SSW	0.00	4.8	SSW	26.0	0.0	0.0	1020.6	0.00	0.0	0.000	0.000	25.2	51	0.0	0.0	0.00	0.0000	---	---	---	---	694	1	100.0	30	
07/10/23	02:00	20.2	20.7	20.1	76	0.0	1.6	SSW	0.80	6.4	SW	22.0	0.0	0.0	1020.7	0.00	0.0	0.000	0.000	25.2	51	0.0	0.0	0.00	0.0000	---	---	---	---	696	1	100.0	30	
07/10/23	02:30	19.8	20.2	19.8	78	0.0	3.2	SW	1.61	8.0	SW	21.2	0.0	0.0	1020.4	0.00	0.0	0.000	0.000	25.1	51	0.0	0.0	0.00	0.0000	---	---	---	---	699	1	100.0	30	
07/10/23	03:00	20.3	20.3	19.8	78	0.0	1.6	S	0.80	6.4	SSE	22.1	0.0	0.0	1020.3	0.00	0.0	0.000	0.000	25.0	51	0.0	0.0	0.00	0.0000	---	---	---	---	698	1	100.0	30	
07/10/23	03:30	20.3	20.3	20.2	77	0.0	1.6	S	0.80	4.8	S	22.1	0.0	0.0	1020.2	0.00	0.0	0.000	0.000	24.9	51	0.0	0.0	0.00	0.0000	---	---	---	---	697	1	100.0	30	
07/10/23	04:00	20.2	20.3	20.1	77	0.0	1.6	SSW	0.80	4.8	SSW	22.1	0.0	0.0	1020.1	0.00	0.0	0.000	0.000	24.9	51	0.0	0.0	0.00	0.0000	---	---	---	---	695	1	100.0	30	
07/10/23	04:30	19.9	20.2	19.9	77	0.0	0.0	NNE	0.00	0.0	NNE	25.5	0.0	0.0	1019.9	0.00	0.0	0.000	0.000	24.8	51	0.0	0.0	0.00	0.0000	---	---	---	---	697	1	100.0	30	
07/10/23	05:00	19.8	19.9	19.7	77	0.0	0.0	NNE	0.00	0.0	NNE	25.4	0.0	0.0	1020.0	0.00	0.0	0.000	0.000	24.8	51	0.0	0.0	0.00	0.0000	---	---	---	---	695	1	100.0	30	
07/10/23	05:30	19.6	19.8	19.6	78	0.0	0.0	NNE	0.00	0.0	NNE	25.3	0.0	0.0	1020.0	0.00	0.0	0.000	0.000	24.7	51	0.0	0.0	0.00	0.0000	---	---	---	---	694	1	100.0	30	
07/10/23	06:00	19.4	19.6	19.4	79	0.0	0.0	NNE	0.00	0.0	NNE	25.2	0.0	0.0	1020.0	0.00	0.0	0.000	0.000	24.6	51	0.0	0.0	0.00	0.0000	---	---	---	---	696	1	100.0	30	
07/10/23	06:30	19.2	19.4	19.1	81	0.0	0.0	NNE	0.00	0.0	NNE	25.0	0.0	0.0	1020.1	0.00	0.0	0.000	0.000	24.6	52	0.0	0.0	0.00	0.0000	---	---	---	---	695	1	100.0	30	
07/10/23	07:00	19.3	19.3	19.2	80	0.0	0.0	NNE	0.00	0.0	NNE	25.1	0.0	0.0	1020.1	0.00	0.0	0.000	0.000	24.6	52	0.0	0.0	0.00	0.0000	---	---	---	---	695	1	100.0	30	
07/10/23	07:30	19.4	19.4	19.2	80	0.0	0.0	NNE	0.00	0.0	NNE	25.2	0.0	0.0	1020.4	0.00	0.0	0.000	0.000	24.5	52	0.0	0.0	0.00	0.0000	---	---	---	---	696	1	100.0	30	
07/10/23	08:00	20.1	20.1	19.4	80	0.0	0.0	NNE	0.00	0.0	NNE	25.6	0.0	0.0	1020.6	0.00	0.0	0.000	0.000	24.5	52	0.0	0.0	0.00	0.0000	---	---	---	---	696	1	100.0	30	
07/10/23	08:30	20.9	20.9	20.1	77	0.0	0.0	NNE	0.00	0.0	NNE	26.1	0.0	0.0	1020.8	0.00	0.0	0.000	0.000	24.6	52	0.0	0.0	0.00	0.0000	---	---	---	---	696	1	100.0	30	
07/10/23	09:00	21.3	21.3	20.9	77	0.0	0.0	NNE	0.00	0.0	NNE	26.4	0.0	0.0	1021.0	0.00	0.0	0.000	0.000	24.6	52	0.0	0.0	0.00	0.0000	---	---	---	---	697	1	100.0	30	
07/10/23	09:30	22.4	22.4	21.3	73	0.0	0.0	NNE	0.00	0.0	NNE	27.1	0.0	0.0	1021.3	0.00	0.0	0.000	0.000	24.6	52	0.0	0.0	0.00	0.0000	---	---	---	---	695	1	100.0	30	
07/10/23	10:00	22.7	23.1	22.4	70	0.0	1.6	ENE	0.80	8.0	NNE	24.6	0.0	0.0	1021.4	0.00	0.0	0.000	0.000	24.6	52	0.0	0.0	0.00	0.0000	---	---	---	---	698	1	100.0	30	
07/10/23	10:30	23.6	23.8	22.7	68	0.0	3.2	NE	1.61	9.7	NNE	25.3	0.0	0.0	1021.7	0.00	0.0	0.000	0.000	24.7	52	0.0	0.0	0.00	0.0000	---	---	---	---	694	1	100.0	30	
07/10/23	11:00	23.7	24.3	23.2	67	0.0	3.2	NE	1.61	11.3	NNE	25.4	0.0	0.0	1021.6	0.00	0.0	0.000	0.000	24.7	52	0.0	0.0	0.00	0.0000	---	---	---	---	698	1	100.0	30	
07/10/23	11:30	24.9	25.1	23.7	63	0.0	3.2	NNE	1.61	12.9	NNE	26.8	0.0	0.0	1021.8	0.00	0.0	0.000	0.000	24.8	52	0.0	0.0	0.00	0.0000	---	---	---	---	695	1	100.0	30	
07/10/23	12:00	24.7	25.2	24.7	66	0.0	3.2	WNW	1.61	12.9	NNE	26.6	0.0	0.0	1021.5	0.00	0.0	0.000	0.000	24.8	52	0.0	0.0	0.00	0.0000	---	---	---	---	698	1	100.0	30	
07/10/23	12:30	25.4	25.8	24.6	64	0.0	4.8	NE	2.41	17.7	ENE	27.3	0.0	0.0	1021.3	0.00	0.0	0.000	0.000	25.1	52	0.0	0.0	0.00	0.0000	---	---	---	---	696	1	100.0	30	
07/10/23	13:00	25.6	25.9	24.7	64	0.0	4.8	NNE	2.41	16.1	NE	27.4	0.0	0.0	1020.8	0.00	0.0	0.000	0.000	25.2	52	0.0	0.0	0.00	0.0000	---	---	---	---	696	1	100.0	30	
07/10/23	13:30	25.7	25.8	25.1	61	0.0	4.8	NNE	2.41	16.1	NE	27.5	0.0	0.0	1020.4	0.00	0.0	0.000	0.000	25.4	52	0.0	0.0	0.00	0.0000	---	---	---	---	698	1	100.0	30	
07/10/23	14:00	26.4	26.8	25.4	60	0.0	4.8	NE	2.41	17.7	NE	28.4	0.0	0.0	1020.2	0.00	0.0	0.000	0.000	25.6	52	0.0	0.0	0.00	0.0000	---	---	---	---	697	1	100.0	30	
07/10/23	14:30	26.7	27.1	26.4	61	0.0	6.4	NE	3.22	17.7	NNE	28.6	0.0	0.0	1020.0	0.00	0.0	0.000	0.000	26.1	52	0.0	0.0	0.00	0.0000	---	---	---	---	697	1	100.0	30	
07/10/23	15:00	26.7	27.2	26.6	61	0.0	4.8	ENE	2.41	16.1	NNW	28.7	0.0	0.0	1020.0	0.00	0.0	0.000	0.000	26.4	51	0.0	0.0	0.00	0.0000	---	---	---	---	694	1	100.0	30	
07/10/23	15:30	26.9	27.4	26.6	61	0.0	4.8	ENE	2.41	19.3	ENE	28.9	0.0	0.0	1019.9	0.00	0.0	0.000	0.000	26.9	51	0.0	0.0	0.00	0.0000	---	---	---	---	697	1	100.0	30	
07/10/23	16:00	26.6	26.9	26.5	62	0.0	6.4	NE	3.22	20.9	N	28.6	0.0	0.0	1019.8	0.00	0.0	0.000	0.000	27.4	51	0.0	0.0	0.00	0.0000	---	---	---	---	696	1	100.0	30	
07/10/23	16:30	25.8	26.6	25.7	63	0.0	6.4	NE	3.22	17.7	NE	27.6	0.0	0.0	1019.9	0.00	0.0	0.000	0.000	27.7	51	0.0	0.0	0.00	0.0000	---	---	---	---	698	1	100.0	30	
07/10/23	17:00	24.9	25.7	24.9	66	0.0	4.8	ENE	2.41	16.1	ENE	26.7	0.0	0.0	1019.9	0.00	0.0	0.000	0.000	27.8	51	0.0	0.0	0.00	0.0000	---	---	---	---	697	1	100.0	30	
07/10/23	17:30	23.9	25.0	23.9	71	0.0	4.8	ENE	2.41	14.5	NE	25.6	0.0	0.0	1019.9	0.00	0.0	0.000	0.000	27.8	51	0.0	0.0	0.00	0.0000	---	---	---	---	697	1	100.0	30	
07/10/23	18:00	23.3	23.9	23.3	75	0.0	4.8	ENE	2.41	12.9	NNE	24.9	0.0	0.0	1019.9	0.00	0.0	0.000	0.000	27.6	51	0.0	0.0	0.00	0.0000	---	---	---	---	694	1	100.0	30	
07/10/23	18:30	22.9	23.3	22.9	77	0.0	3.2	ENE	1.61	16.1	E	24.6	0.0	0.0	1019.9	0.00	0.0	0.000	0.000	27.3	52	0.0	0.0	0.00	0.0000	---	---	---	---	698	1	100.0	30	
07/10/23	19:00	22.2	22.9	22.2	76	0.0	3.2	ENE	1.61	12.9	ENE	23.8	0.0	0.0	1020.2	0.00	0.0	0.000	0.000	27.0	52	0.0	0.0	0.00	0.0000	---	---	---	---	696	1	100.0	30	
07/10/23	19:30	21.8	22.6	21.8	79	0.0	3.2	SW	1.61	11.3	SSE	23.4	0.0	0.0	1020.3	0.00	0.0	0.000	0.000	26.8	52	0.0	0.0	0.00	0.0000	---	---	---	---	697	1	100.0	30	
07/10/23	20:00	20.8	21.8	20.8	83	0.0	3.2	SW	1.61	8.0	SW	22.3	0.0	0.0	1020.5	0.00	0.0	0.000	0.000	26.6	52	0.0	0.0	0.00	0.0000	---	---	---	---	697	1	100.0	30	
07/10/23	20:30	20.4	20.8	20.4	85	0.0	1.6	SSW	0.80	6.4	SW	22.3	0.0	0.0	1020.5	0.00	0.0	0.000	0.000	26.4	52	0.0	0.0	0.00	0.0000	---	---	---	---	698	1	100.0	30	
07/10/23	21:00	20.4	20.4	20.3	85	0.0	3.2	SW	1.61	9.7	SSW	21.8	0.0	0.0	1020.7	0.00	0.0	0.000	0.000	26.2	53	0.0	0.0	0.00	0.0000	---	---	---	---	698	1	100.0	30	
07/10/23	21:30	20.3	20.4	20.2	85	0.0	3.2	SSW	1.61	8.0	SW	21.7	0.0	0.0	1020.7	0.00	0.0	0.000	0.000	26.0	53	0.0	0.0	0.00	0.0000	---	---	---	---	698	1	100.0	30	
07/10/23	22:00	20.2	20.3	20.2	86	0.0	0.0	SW	0.00	4.8	SSE	25.7	0.0	0.0	1020.8	0.00	0.0	0.000	0.000	25.9	53	0.0	0.0	0.00	0.0000	---	---	---	---	698	1	100.0	30	
07/10/23	22:30	19.7	20.2	19.7	86	0.0	0.0	SW	0.00	1.6	SW	25.4	0.0	0.0	1020.7	0.00	0.0	0.000	0.000	25.7	53	0.0	0.0	0.00	0.0000	---	---	---	---	697	1	100.0	30	
07/10/23	23:00	19.7	19.7	19.5	87	0.0	0.0	NNE	0.00	0.0	NNE	25.3	0.0	0.0	1020.7	0.00	0.0	0.000	0.000	25.6	53	0.0	0.0	0.00	0.0000	---	---	---	---	696	1	100.0	30	
07/10/23	23:30	19.4	19.8	19.3	86	0.0	0.0	NNE	0.00	0.0	NNE	25.2	0.0	0.0	1020.8	0.00	0.0	0.000	0.000	25.5	53	0.0	0.0	0.00	0.0000	---	---	---	---	697	1	100.0	30	
08/10/23	00:00	19.7	19.7	19.3	85	0.0	0.0	SSW	0.00	3.2	SSW	25.3	0.0	0.0	1020.8	0.00	0.0	0.000	0.000	25.4	53	0.0	0.0	0.00	0.0000	---	---	---	---	693	1	100.0	30	
08/10/23	00:30	19.4	19.7	19.4	86	0.0	0.0	ESE	0.00	1.6	ESE	25.2	0.0	0.0	1020.6	0.00	0.0	0.000	0.000	25.3	53	0.0	0.0	0.00	0.0000	---	---	---	---	696	1	100.0	30	
08/10/23	01:00	19.1	19.4	19.1	87	0.0	0.0	ESE	0.00	4.8	ESE	25.0	0.0	0.0	1020.5	0.00	0.0	0.000	0.000	25.2	53	0.0	0.0	0.00	0.0000	---	---	---	---	697	1	100.0	30	
08/10/23	01:30	18.9	19.1	18.7	86	0.0	0.0	ESE	0.00	4.8	ESE	24.9	0.0	0.0	1020.2	0.00	0.0	0.000	0.000	25.1	53	0.0	0.0	0.00	0.0000	---	---	---	---	696	1	100.0	30	
08/10/23	02:00	18.6	19.1	18.6	86	0.0	0.0	SE	0.00	4.8	SE	24.7	0.0	0.0	1020.1	0.00	0.0	0.000	0.000	25.1	53	0.0	0.0	0.00	0.0000	---	---	---	---	696	1	100.0	30	
08/10/23	02:30	19.2	19.3	18.6	78	0.0	3.2	SSW	1.61	11.3	SSW	20.5	0.0	0.0	1020.1	0.00	0.0	0.000	0.000	24.9	53	0.0	0.0	0.00	0.0000	---	---	---	---	698	1	100.0	30	
08/10/23	03:00	18.7	19.2	18.6	78	0.0	3.2	SSW	1.61	9.7	WSW	19.9	0.0	0.0	1019.8	0.00	0.0	0.000	0.000	24.8	53	0.0	0.0	0.00	0.0000	---	---	---	---	697	1	100.0	30	
08/10/23	03:30	18.6	18.8	18.6	79	0.0	0.0	NNE	0.00	0.0	NNE	24.7	0.0	0.0	1019.7	0.00	0.0	0.000	0.000	24.8	53	0.0	0.0	0.00	0.0000	---	---	---	---	696	1	100.0	30	
08/10/23	04:00	18.9	18.9	18.5	76	0.0	0.0	NNE	0.00	0.0	NNE	24.9	0.0	0.0	1019.6	0.00	0.0	0.000	0.000	24.7	53	0.0	0.0	0.00	0.0000	---	---	---	---	694	1	100.0	30	
08/10/23	04:30	18.7	19.0	18.7	77	0.0	0.0	NNE	0.00	0.0	NNE	24.8	0.0	0.0	1019.4	0.00	0.0	0.000	0.000	24.7	53	0.0	0.0	0.00	0.0000	---	---	---	---	695	1	100.0	30	
08/10/23	05:00	18.9	19.3	18.7	77	0.0	0.0	NNE	0.00	0.0	NNE	24.9	0.0	0.0	1019.5	0.00	0.0	0.000	0.000	24.6	53	0.0	0.0	0.00	0.0000	---	---	---	---	698	1	100.0	30	
08/10/23	05:30	17.7	18.9	17.7	77	0.0	0.0	NNE	0.00	0.0	NNE	24.1	0.0	0.0	1019.6	0.00	0.0	0.000	0.000	24.5	53	0.0	0.0	0.00	0.0000	---	---	---	---	698	1	100.0	30	
08/10/23	06:00	18.1	18.1	17.6	77	0.0	3.2	S	1.61	11.3	SSW	19.3	0.0	0.0	1019.9	0.00	0.0	0.000	0.000	24.4	53	0.0	0.0	0.00	0.0000	---	---	---	---	699	1	100.0	30	
08/10/23	06:30	18.5	18.5	18.0	73	0.0	6.4	S	3.22	12.9	SSE	19.2	0.0	0.0	1019.6	0.00	0.0	0.000	0.000	24.3	53	0.0	0.0	0.00	0.0000	---	---	---	---	696	1	100.0	30	
08/10/23	07:00	17.9	18.6	17.9	72	0.0	3.2	SSW	1.61	8.0	S	19.1	0.0	0.0	1019.8	0.00	0.0	0.000	0.000	24.3	53	0.0	0.0	0.00	0.0000	---	---	---	---	696	1	100.0	30	
08/10/23	07:30	18.9	18.9	17.9	68	0.0	3.2	SSW	1.61	9.7	SSW	20.2	0.0	0.0	1019.9	0.00	0.0	0.000	0.000	24.2	53	0.0	0.0	0.00	0.0000	---	---	---	---	696	1	100.0	30	
08/10/23	08:00	20.1	20.1	18.9	69	0.0	0.0	SSW	0.00	6.4	SSW	25.6	0.0	0.0	1020.4	0.00	0.0	0.000	0.000	24.4	52	0.0	0.0	0.00	0.0000	---	---	---	---	697	1	100.0	30	
08/10/23	08:30	21.6	21.6	20.1	65	0.0	0.0	NNE	0.00	0.0	NNE	26.5	0.0	0.0	1020.5	0.00	0.0	0.000	0.000	24.4	52	0.0	0.0	0.00	0.0000	---	---	---	---	697	1	100.0	30	
08/10/23	09:00	21.7	21.7	21.2	68	0.0	3.2	SW	1.61	9.7	SW	23.3	0.0	0.0	1021.0	0.00	0.0	0.000	0.000	24.4	52	0.0	0.0	0.00	0.0000	---	---	---	---	698	1	100.0	30	
08/10/23	09:30	22.3	23.1	21.7	67	0.0	1.6	SW	0.80	6.4	SSW	24.2	0.0	0.0	1021.0	0.00	0.0	0.000	0.000	24.3	52	0.0	0.0	0.00	0.0000	---	---	---	---	696	1	100.0	30	
08/10/23	10:00	22.9	23.2	22.1	67	0.0	1.6	W	0.80	9.7	W	24.9	0.0	0.0	1021.4	0.00	0.0	0.000	0.000	24.3	52	0.0	0.0	0.00	0.0000	---	---	---	---	694	1	100.0	30	
08/10/23	10:30	23.8	23.8	22.9	64	0.0	1.6	W	0.80	9.7	W	25.8	0.0	0.0	1021.2	0.00	0.0	0.000	0.000	24.4	52	0.0	0.0	0.00	0.0000	---	---	---	---	697	1	100.0	30	
08/10/23	11:00	24.0	24.5	23.4	64	0.0	3.2	N	1.61	6.4	NW	25.8	0.0	0.0	1020.9	0.00	0.0	0.000	0.000	24.4	52	0.0	0.0	0.00	0.0000	---	---	---	---	698	1	100.0	30	
08/10/23	11:30	25.0	25.1	23.9	61	0.0	3.2	ENE	1.61	9.7	W	26.9	0.0	0.0	1020.7	0.00	0.0	0.000	0.000	24.5	52	0.0	0.0	0.00	0.0000	---	---	---	---	694	1	100.0	30	
08/10/23	12:00	25.8	26.0	24.9	58	0.0	3.2	NE	1.61	9.7	E	27.8	0.0	0.0	1020.7	0.00	0.0	0.000	0.000	24.6	52	0.0	0.0	0.00	0.0000	---	---	---	---	699	1	100.0	30	
08/10/23	12:30	26.4	26.7	25.5	55	0.0	3.2	NNE	1.61	12.9	E	28.4	0.0	0.0	1020.9	0.00	0.0	0.000	0.000	24.7	52	0.0	0.0	0.00	0.0000	---	---	---	---	696	1	100.0	30	
08/10/23	13:00	26.7	26.8	26.3	56	0.0	4.8	NNE	2.41	14.5	NE	28.7	0.0	0.0	1020.5	0.00	0.0	0.000	0.000	24.8	52	0.0	0.0	0.00	0.0000	---	---	---	---	697	1	100.0	30	
08/10/23	13:30	28.1	28.1	26.8	46	0.0	4.8	NE	2.41	16.1	NE	30.2	0.0	0.0	1020.1	0.00	0.0	0.000	0.000	25.0	52	0.0	0.0	0.00	0.0000	---	---	---	---	696	1	100.0	30	
08/10/23	14:00	28.9	29.0	27.4	39	0.0	4.8	NE	2.41	14.5	N	31.2	0.0	0.0	1019.7	0.00	0.0	0.000	0.000	25.3	52	0.0	0.0	0.00	0.0000	---	---	---	---	695	1	100.0	30	
08/10/23	14:30	29.4	29.4	28.8	37	0.0	4.8	NE	2.41	14.5	NNE	31.8	0.0	0.0	1019.6	0.00	0.0	0.000	0.000	25.7	52	0.0	0.0	0.00	0.0000	---	---	---	---	696	1	100.0	30	
08/10/23	15:00	28.8	29.7	28.5	37	0.0	6.4	NE	3.22	19.3	NE	31.1	0.0	0.0	1019.6	0.00	0.0	0.000	0.000	26.4	51	0.0	0.0	0.00	0.0000	---	---	---	---	696	1	100.0	30	
08/10/23	15:30	29.2	30.3	28.6	36	0.0	3.2	N	1.61	14.5	NE	31.5	0.0	0.0	1019.3	0.00	0.0	0.000	0.000	27.0	50	0.0	0.0	0.00	0.0000	---	---	---	---	695	1	100.0	30	
08/10/23	16:00	29.1	30.3	29.0	36	0.0	4.8	W	2.41	12.9	W	31.4	0.0	0.0	1019.1	0.00	0.0	0.000	0.000	27.5	50	0.0	0.0	0.00	0.0000	---	---	---	---	698	1	100.0	30	
08/10/23	16:30	29.9	30.0	28.8	33	0.0	4.8	SSW	2.41	12.9	SW	32.4	0.0	0.0	1019.3	0.00	0.0	0.000	0.000	27.8	50	0.0	0.0	0.00	0.0000	---	---	---	---	698	1	100.0	30	
08/10/23	17:00	29.2	30.1	29.2	31	0.0	3.2	SE	1.61	14.5	SSE	31.5	0.0	0.0	1019.4	0.00	0.0	0.000	0.000	28.1	49	0.0	0.0	0.00	0.0000	---	---	---	---	697	1	100.0	30	
08/10/23	17:30	27.9	29.2	27.9	38	0.0	3.2	SE	1.61	9.7	E	30.1	0.0	0.0	1019.6	0.00	0.0	0.000	0.000	28.2	49	0.0	0.0	0.00	0.0000	---	---	---	---	696	1	100.0	30	
08/10/23	18:00	26.4	27.9	26.4	53	0.0	3.2	SE	1.61	9.7	E	28.4	0.0	0.0	1019.6	0.00	0.0	0.000	0.000	27.9	49	0.0	0.0	0.00	0.0000	---	---	---	---	696	1	100.0	30	
08/10/23	18:30	25.4	26.4	25.4	55	0.0	1.6	WNW	0.80	14.5	SSE	27.5	0.0	0.0	1019.6	0.00	0.0	0.000	0.000	27.7	49	0.0	0.0	0.00	0.0000	---	---	---	---	696	1	100.0	30	
08/10/23	19:00	24.1	25.4	24.1	59	0.0	1.6	SW	0.80	4.8	SW	26.1	0.0	0.0	1020.0	0.00	0.0	0.000	0.000	27.4	49	0.0	0.0	0.00	0.0000	---	---	---	---	693	1	100.0	30	
08/10/23	19:30	23.4	24.1	23.3	65	0.0	1.6	SW	0.80	6.4	SSW	25.4	0.0	0.0	1020.1	0.00	0.0	0.000	0.000	27.1	49	0.0	0.0	0.00	0.0000	---	---	---	---	698	1	100.0	30	
08/10/23	20:00	22.9	23.4	22.9	69	0.0	1.6	SSW	0.80	8.0	S	24.9	0.0	0.0	1020.5	0.00	0.0	0.000	0.000	26.9	49	0.0	0.0	0.00	0.0000	---	---	---	---	697	1	100.0	30	
08/10/23	20:30	22.4	23.0	22.4	72	0.0	0.0	S	0.00	1.6	S	27.1	0.0	0.0	1020.6	0.00	0.0	0.000	0.000	26.7	50	0.0	0.0	0.00	0.0000	---	---	---	---	694	1	100.0	30	
08/10/23	21:00	22.0	22.4	22.0	72	0.0	0.0	NNE	0.00	0.0	NNE	26.8	0.0	0.0	1020.7	0.00	0.0	0.000	0.000	26.6	50	0.0	0.0	0.00	0.0000	---	---	---	---	695	1	100.0	30	
08/10/23	21:30	22.1	22.1	21.6	73	0.0	1.6	E	0.80	4.8	E	24.0	0.0	0.0	1020.7	0.00	0.0	0.000	0.000	26.3	50	0.0	0.0	0.00	0.0000	---	---	---	---	696	1	100.0	30	
08/10/23	22:00	22.0	22.1	21.7	72	0.0	0.0	E	0.00	3.2	E	26.8	0.0	0.0	1020.7	0.00	0.0	0.000	0.000	26.2	50	0.0	0.0	0.00	0.0000	---	---	---	---	699	1	100.0	30	
08/10/23	22:30	21.7	22.0	21.6	69	0.0	0.0	E	0.00	1.6	E	26.6	0.0	0.0	1020.9	0.00	0.0	0.000	0.000	26.1	50	0.0	0.0	0.00	0.0000	---	---	---	---	696	1	100.0	30	
08/10/23	23:00	22.3	22.3	21.6	65	0.0	1.6	ESE	0.80	4.8	ESE	24.2	0.0	0.0	1021.0	0.00	0.0	0.000	0.000	25.9	51	0.0	0.0	0.00	0.0000	---	---	---	---	698	1	100.0	30	
08/10/23	23:30	22.0	22.3	21.9	62	0.0	0.0	ESE	0.00	1.6	ESE	26.8	0.0	0.0	1021.0	0.00	0.0	0.000	0.000	25.8	51	0.0	0.0	0.00	0.0000	---	---	---	---	697	1	100.0	30	
09/10/23	00:00	22.0	22.2	21.9	60	0.0	0.0	NNE	0.00	0.0	NNE	26.8	0.0	0.0	1020.9	0.00	0.0	0.000	0.000	25.7	51	0.0	0.0	0.00	0.0000	---	---	---	---	697	1	100.0	30	
09/10/23	00:30	22.6	22.9	21.9	56	0.0	0.0	NNE	0.00	0.0	NNE	27.1	0.0	0.0	1020.9	0.00	0.0	0.000	0.000	25.7	51	0.0	0.0	0.00	0.0000	---	---	---	---	695	1	100.0	30	
09/10/23	01:00	22.4	22.6	22.3	56	0.0	0.0	NNE	0.00	0.0	NNE	27.1	0.0	0.0	1020.8	0.00	0.0	0.000	0.000	25.6	51	0.0	0.0	0.00	0.0000	---	---	---	---	696	1	100.0	30	
09/10/23	01:30	22.6	23.2	22.5	54	0.0	0.0	NNE	0.00	0.0	NNE	27.2	0.0	0.0	1020.9	0.00	0.0	0.000	0.000	25.5	50	0.0	0.0	0.00	0.0000	---	---	---	---	696	1	100.0	30	
09/10/23	02:00	23.5	23.6	22.6	50	0.0	0.0	NNE	0.00	0.0	NNE	27.7	0.0	0.0	1020.6	0.00	0.0	0.000	0.000	25.4	50	0.0	0.0	0.00	0.0000	---	---	---	---	693	1	100.0	30	
09/10/23	02:30	22.7	23.5	22.6	52	0.0	0.0	NNE	0.00	0.0	NNE	27.2	0.0	0.0	1020.5	0.00	0.0	0.000	0.000	25.3	50	0.0	0.0	0.00	0.0000	---	---	---	---	698	1	100.0	30	
09/10/23	03:00	23.2	23.2	22.7	45	0.0	0.0	NNE	0.00	0.0	NNE	27.6	0.0	0.0	1020.4	0.00	0.0	0.000	0.000	25.3	50	0.0	0.0	0.00	0.0000	---	---	---	---	697	1	100.0	30	
09/10/23	03:30	23.7	23.7	23.2	41	0.0	0.0	NNE	0.00	0.0	NNE	27.8	0.0	0.0	1020.2	0.00	0.0	0.000	0.000	25.2	50	0.0	0.0	0.00	0.0000	---	---	---	---	697	1	100.0	30	
09/10/23	04:00	23.7	23.9	23.6	40	0.0	0.0	NNE	0.00	0.0	NNE	27.8	0.0	0.0	1020.1	0.00	0.0	0.000	0.000	25.2	50	0.0	0.0	0.00	0.0000	---	---	---	---	695	1	100.0	30	
09/10/23	04:30	23.6	23.8	23.6	40	0.0	0.0	NNE	0.00	0.0	NNE	27.8	0.0	0.0	1020.0	0.00	0.0	0.000	0.000	25.1	50	0.0	0.0	0.00	0.0000	---	---	---	---	699	1	100.0	30	
09/10/23	05:00	23.7	23.9	23.4	39	0.0	0.0	NNE	0.00	0.0	NNE	27.8	0.0	0.0	1020.1	0.00	0.0	0.000	0.000	25.1	50	0.0	0.0	0.00	0.0000	---	---	---	---	696	1	100.0	30	
09/10/23	05:30	23.3	23.7	23.3	41	0.0	0.0	NNE	0.00	0.0	NNE	27.6	0.0	0.0	1020.0	0.00	0.0	0.000	0.000	25.0	50	0.0	0.0	0.00	0.0000	---	---	---	---	696	1	100.0	30	
09/10/23	06:00	23.1	23.3	22.8	42	0.0	0.0	NNE	0.00	0.0	NNE	27.4	0.0	0.0	1020.1	0.00	0.0	0.000	0.000	24.9	50	0.0	0.0	0.00	0.0000	---	---	---	---	697	1	100.0	30	
09/10/23	06:30	22.7	23.7	22.7	44	0.0	0.0	NNE	0.00	0.0	NNE	27.2	0.0	0.0	1020.1	0.00	0.0	0.000	0.000	24.9	50	0.0	0.0	0.00	0.0000	---	---	---	---	698	1	100.0	30	
09/10/23	07:00	22.2	22.7	22.2	45	0.0	0.0	NNE	0.00	0.0	NNE	26.9	0.0	0.0	1020.4	0.00	0.0	0.000	0.000	24.9	49	0.0	0.0	0.00	0.0000	---	---	---	---	697	1	100.0	30	
09/10/23	07:30	22.7	22.7	22.1	44	0.0	0.0	NNE	0.00	0.0	NNE	27.2	0.0	0.0	1020.7	0.00	0.0	0.000	0.000	24.9	49	0.0	0.0	0.00	0.0000	---	---	---	---	698	1	100.0	30	
09/10/23	08:00	23.4	23.4	22.7	46	0.0	0.0	NNE	0.00	0.0	NNE	27.7	0.0	0.0	1020.9	0.00	0.0	0.000	0.000	24.9	49	0.0	0.0	0.00	0.0000	---	---	---	---	697	1	100.0	30	
09/10/23	08:30	25.2	25.2	23.4	44	0.0	0.0	NNE	0.00	0.0	NNE	28.8	0.0	0.0	1021.0	0.00	0.0	0.000	0.000	24.9	49	0.0	0.0	0.00	0.0000	---	---	---	---	696	1	100.0	30	
09/10/23	09:00	26.0	26.1	25.2	41	0.0	0.0	SSE	0.00	1.6	SSE	29.3	0.0	0.0	1021.2	0.00	0.0	0.000	0.000	25.0	49	0.0	0.0	0.00	0.0000	---	---	---	---	695	1	100.0	30	
09/10/23	09:30	26.9	26.9	25.9	40	0.0	0.0	SSE	0.00	1.6	SSE	29.8	0.0	0.0	1021.4	0.00	0.0	0.000	0.000	25.2	49	0.0	0.0	0.00	0.0000	---	---	---	---	696	1	100.0	30	
09/10/23	10:00	27.4	27.6	26.7	42	0.0	0.0	ESE	0.00	4.8	NE	30.2	0.0	0.0	1021.4	0.00	0.0	0.000	0.000	25.2	49	0.0	0.0	0.00	0.0000	---	---	---	---	699	1	100.0	30	
09/10/23	10:30	28.4	28.7	27.4	38	0.0	1.6	NE	0.80	6.4	NE	30.7	0.0	0.0	1021.4	0.00	0.0	0.000	0.000	25.4	49	0.0	0.0	0.00	0.0000	---	---	---	---	695	1	100.0	30	
09/10/23	11:00	28.6	28.8	28.3	38	0.0	4.8	NE	2.41	9.7	NNE	30.9	0.0	0.0	1021.3	0.00	0.0	0.000	0.000	25.7	49	0.0	0.0	0.00	0.0000	---	---	---	---	696	1	100.0	30	
09/10/23	11:30	29.4	29.7	28.5	39	0.0	3.2	NNE	1.61	8.0	NE	31.7	0.0	0.0	1021.2	0.00	0.0	0.000	0.000	25.9	49	0.0	0.0	0.00	0.0000	---	---	---	---	696	1	100.0	30	
09/10/23	12:00	30.2	30.5	29.4	37	0.0	3.2	NNE	1.61	8.0	NNE	32.6	0.0	0.0	1021.1	0.00	0.0	0.000	0.000	26.2	49	0.0	0.0	0.00	0.0000	---	---	---	---	698	1	100.0	30	
09/10/23	12:30	31.2	31.2	30.0	35	0.0	3.2	WNW	1.61	9.7	W	33.7	0.0	0.0	1020.9	0.00	0.0	0.000	0.000	26.4	49	0.0	0.0	0.00	0.0000	---	---	---	---	695	1	100.0	30	
