Formato file originario: WDAT5 
Data conversione: 26/08/23 16:45
01/06/23	00:30	17.7	18.3	17.7	72	0.0	6.4	S	3.22	17.7	S	18.2	0.0	0.0	1012.8	0.00	0.0	0.000	0.000	24.2	53	0.0	0.0	0.00	0.0000	---	---	---	---	695	1	100.0	30	
01/06/23	01:00	18.0	18.0	17.6	70	0.0	6.4	S	3.22	17.7	S	18.6	0.0	0.0	1012.7	0.00	0.0	0.000	0.000	24.0	53	0.0	0.0	0.00	0.0000	---	---	---	---	697	1	100.0	30	
01/06/23	01:30	18.1	18.1	17.9	68	0.0	6.4	SSW	3.22	14.5	S	18.7	0.0	0.0	1012.5	0.00	0.0	0.000	0.000	23.8	53	0.0	0.0	0.00	0.0000	---	---	---	---	696	1	100.0	30	
01/06/23	02:00	18.2	18.2	18.1	66	0.0	4.8	S	2.41	16.1	S	19.0	0.0	0.0	1012.4	0.00	0.0	0.000	0.000	23.7	53	0.0	0.0	0.00	0.0000	---	---	---	---	696	1	100.0	30	
01/06/23	02:30	18.2	18.3	18.1	65	0.0	4.8	SSW	2.41	14.5	SSE	19.1	0.0	0.0	1012.2	0.00	0.0	0.000	0.000	23.7	53	0.0	0.0	0.00	0.0000	---	---	---	---	696	1	100.0	30	
01/06/23	03:00	18.6	18.7	18.2	62	0.0	4.8	SSW	2.41	9.7	S	19.6	0.0	0.0	1012.2	0.00	0.0	0.000	0.000	23.6	53	0.0	0.0	0.00	0.0000	---	---	---	---	698	1	100.0	30	
01/06/23	03:30	18.3	18.7	18.3	65	0.0	4.8	SSW	2.41	12.9	SSW	19.2	0.0	0.0	1012.2	0.00	0.0	0.000	0.000	23.5	53	0.0	0.0	0.00	0.0000	---	---	---	---	695	1	100.0	30	
01/06/23	04:00	18.3	18.3	18.2	64	0.0	6.4	S	3.22	14.5	S	18.9	0.0	0.0	1012.0	0.00	0.0	0.000	0.000	23.4	53	0.0	0.0	0.00	0.0000	---	---	---	---	696	1	100.0	30	
01/06/23	04:30	18.5	18.6	18.3	63	0.0	4.8	SSW	2.41	12.9	SSW	19.4	0.0	0.0	1012.0	0.00	0.0	0.000	0.000	23.3	53	0.0	0.0	0.00	0.0000	---	---	---	---	697	1	100.0	30	
01/06/23	05:00	18.6	18.6	18.5	62	0.0	3.2	S	1.61	9.7	S	19.8	0.0	0.0	1011.9	0.00	0.0	0.000	0.000	23.3	53	0.0	0.0	0.00	0.0000	---	---	---	---	699	1	100.0	30	
01/06/23	05:30	18.5	18.6	18.3	63	0.0	1.6	SE	0.80	6.4	SSE	20.3	0.0	0.0	1012.0	0.00	0.0	0.000	0.000	23.2	52	0.0	0.0	0.00	0.0000	---	---	---	---	697	1	100.0	30	
01/06/23	06:00	18.5	18.6	18.4	64	0.0	1.6	SE	0.80	8.0	ENE	20.3	0.0	0.0	1012.1	0.00	0.0	0.000	0.000	23.2	52	0.0	0.0	0.00	0.0000	---	---	---	---	697	1	100.0	30	
01/06/23	06:30	18.6	18.6	18.4	69	0.0	0.0	SE	0.00	1.6	SE	24.7	0.0	0.0	1012.2	0.00	0.0	0.000	0.000	23.1	52	0.0	0.0	0.00	0.0000	---	---	---	---	695	1	100.0	30	
01/06/23	07:00	19.1	19.2	18.5	70	0.0	0.0	SE	0.00	4.8	SE	25.0	0.0	0.0	1012.3	0.00	0.0	0.000	0.000	23.2	52	0.0	0.0	0.00	0.0000	---	---	---	---	698	1	100.0	30	
01/06/23	07:30	19.9	19.9	19.1	70	0.0	0.0	SE	0.00	3.2	SE	25.5	0.0	0.0	1012.2	0.00	0.0	0.000	0.000	23.2	53	0.0	0.0	0.00	0.0000	---	---	---	---	697	1	100.0	30	
01/06/23	08:00	20.1	20.2	19.8	69	0.0	0.0	SSE	0.00	4.8	SSW	25.6	0.0	0.0	1012.4	0.00	0.0	0.000	0.000	23.3	53	0.0	0.0	0.00	0.0000	---	---	---	---	696	1	100.0	30	
01/06/23	08:30	21.2	21.2	20.1	58	0.0	3.2	SW	1.61	8.0	SSW	22.7	0.0	0.0	1012.6	0.00	0.0	0.000	0.000	23.5	52	0.0	0.0	0.00	0.0000	---	---	---	---	696	1	100.0	30	
01/06/23	09:00	21.7	22.2	21.2	59	0.0	3.2	SW	1.61	9.7	SSW	23.2	0.0	0.0	1012.8	0.00	0.0	0.000	0.000	23.9	52	0.0	0.0	0.00	0.0000	---	---	---	---	697	1	100.0	30	
01/06/23	09:30	22.7	22.7	21.7	59	0.0	3.2	W	1.61	9.7	W	24.4	0.0	0.0	1012.9	0.00	0.0	0.000	0.000	24.2	52	0.0	0.0	0.00	0.0000	---	---	---	---	695	1	100.0	30	
01/06/23	10:00	22.3	22.9	22.2	60	0.0	3.2	N	1.61	8.0	N	24.0	0.0	0.0	1012.9	0.00	0.0	0.000	0.000	24.4	52	0.0	0.0	0.00	0.0000	---	---	---	---	697	1	100.0	30	
01/06/23	10:30	23.2	23.7	22.3	59	0.0	3.2	NNE	1.61	12.9	N	24.9	0.0	0.0	1012.9	0.00	0.0	0.000	0.000	24.5	52	0.0	0.0	0.00	0.0000	---	---	---	---	696	1	100.0	30	
01/06/23	11:00	24.1	24.2	23.2	55	0.0	4.8	NE	2.41	11.3	NNE	25.8	0.0	0.0	1013.0	0.00	0.0	0.000	0.000	24.9	52	0.0	0.0	0.00	0.0000	---	---	---	---	695	1	100.0	30	
01/06/23	11:30	24.4	24.8	23.7	54	0.0	3.2	W	1.61	11.3	W	26.2	0.0	0.0	1012.8	0.00	0.0	0.000	0.000	24.8	52	0.0	0.0	0.00	0.0000	---	---	---	---	697	1	100.0	30	
01/06/23	12:00	24.6	25.3	24.1	55	0.0	3.2	NE	1.61	14.5	NE	26.4	0.0	0.0	1012.7	0.00	0.0	0.000	0.000	24.9	52	0.0	0.0	0.00	0.0000	---	---	---	---	696	1	100.0	30	
01/06/23	12:30	24.7	26.3	24.2	55	0.0	3.2	NW	1.61	16.1	NE	26.5	0.0	0.0	1012.6	0.00	0.0	0.000	0.000	25.1	52	0.0	0.0	0.00	0.0000	---	---	---	---	696	1	100.0	30	
01/06/23	13:00	25.9	26.7	24.8	50	0.0	3.2	NNE	1.61	17.7	NE	27.9	0.0	0.0	1012.6	0.00	0.0	0.000	0.000	25.2	52	0.0	0.0	0.00	0.0000	---	---	---	---	695	1	100.0	30	
01/06/23	13:30	24.4	25.9	24.4	56	0.0	4.8	W	2.41	12.9	NNE	26.1	0.0	0.0	1012.4	0.00	0.0	0.000	0.000	25.4	52	0.0	0.0	0.00	0.0000	---	---	---	---	696	1	100.0	30	
01/06/23	14:00	24.3	25.4	24.1	58	0.0	4.8	NNE	2.41	17.7	NE	26.0	0.0	0.0	1012.1	0.00	0.0	0.000	0.000	25.6	52	0.0	0.0	0.00	0.0000	---	---	---	---	696	1	100.0	30	
01/06/23	14:30	25.2	25.8	23.9	55	0.0	6.4	NE	3.22	16.1	NNE	26.9	0.0	0.0	1011.6	0.00	0.0	0.000	0.000	25.7	52	0.0	0.0	0.00	0.0000	---	---	---	---	693	1	100.0	30	
01/06/23	15:00	25.9	25.9	24.7	55	0.0	6.4	ENE	3.22	16.1	E	27.7	0.0	0.0	1011.5	0.00	0.0	0.000	0.000	26.0	52	0.0	0.0	0.00	0.0000	---	---	---	---	697	1	100.0	30	
01/06/23	15:30	24.1	26.5	24.1	57	0.0	6.4	NE	3.22	19.3	NE	25.6	0.0	0.0	1011.6	0.00	0.0	0.000	0.000	26.4	52	0.0	0.0	0.00	0.0000	---	---	---	---	696	1	100.0	30	
01/06/23	16:00	23.0	24.5	22.3	63	0.0	8.0	SSW	4.02	19.3	SW	24.3	0.0	0.0	1011.5	0.00	0.0	0.000	0.000	26.1	52	0.0	0.0	0.00	0.0000	---	---	---	---	696	1	100.0	30	
01/06/23	16:30	24.8	24.8	22.9	60	0.0	3.2	WSW	1.61	9.7	SSE	26.7	0.0	0.0	1010.9	0.00	0.0	0.000	0.000	26.2	52	0.0	0.0	0.00	0.0000	---	---	---	---	697	1	100.0	30	
01/06/23	17:00	24.6	26.1	24.4	60	0.0	3.2	SSE	1.61	11.3	W	26.4	0.0	0.0	1011.0	0.00	0.0	0.000	0.000	26.8	51	0.0	0.0	0.00	0.0000	---	---	---	---	697	1	100.0	30	
01/06/23	17:30	23.7	24.6	23.2	61	0.0	4.8	W	2.41	12.9	WNW	25.3	0.0	0.0	1011.0	0.00	0.0	0.000	0.000	26.7	52	0.0	0.0	0.00	0.0000	---	---	---	---	694	1	100.0	30	
01/06/23	18:00	22.7	23.7	22.7	69	0.0	3.2	SW	1.61	22.5	NE	24.4	0.0	0.0	1010.8	0.00	0.0	0.000	0.000	26.6	52	0.0	0.0	0.00	0.0000	---	---	---	---	692	1	100.0	30	
01/06/23	18:30	21.2	22.7	21.1	77	0.0	3.2	ENE	1.61	22.5	NE	22.7	0.0	0.0	1010.9	0.00	0.0	0.000	0.000	26.4	52	0.0	0.0	0.00	0.0000	---	---	---	---	696	1	100.0	30	
01/06/23	19:00	22.4	22.5	21.2	77	0.0	1.6	ENE	0.80	6.4	SE	24.4	0.0	0.0	1011.3	0.00	0.0	0.000	0.000	26.4	52	0.0	0.0	0.00	0.0000	---	---	---	---	696	1	100.0	30	
01/06/23	19:30	22.4	22.7	22.3	74	0.0	3.2	SE	1.61	9.7	SSE	24.0	0.0	0.0	1011.3	0.00	0.0	0.000	0.000	26.3	52	0.0	0.0	0.00	0.0000	---	---	---	---	694	1	100.0	30	
01/06/23	20:00	21.7	22.4	21.7	70	0.0	1.6	SE	0.80	8.0	ESE	23.6	0.0	0.0	1011.4	0.00	0.0	0.000	0.000	26.1	52	0.0	0.0	0.00	0.0000	---	---	---	---	695	1	100.0	30	
01/06/23	20:30	20.8	21.7	20.8	74	0.0	1.6	NE	0.80	4.8	NNE	22.7	0.0	0.0	1011.4	0.00	0.0	0.000	0.000	25.8	52	0.0	0.0	0.00	0.0000	---	---	---	---	698	1	100.0	30	
01/06/23	21:00	20.0	20.8	20.0	78	0.0	1.6	W	0.80	4.8	WNW	21.8	0.0	0.0	1011.6	0.00	0.0	0.000	0.000	25.6	53	0.0	0.0	0.00	0.0000	---	---	---	---	698	1	100.0	30	
01/06/23	21:30	19.5	20.0	19.5	79	0.0	1.6	W	0.80	6.4	W	21.3	0.0	0.0	1011.8	0.00	0.0	0.000	0.000	25.4	53	0.0	0.0	0.00	0.0000	---	---	---	---	698	1	100.0	30	
01/06/23	22:00	18.9	19.5	18.6	76	0.0	4.8	SW	2.41	12.9	SSW	19.9	0.0	0.0	1011.9	0.00	0.0	0.000	0.000	25.2	53	0.0	0.0	0.00	0.0000	---	---	---	---	698	1	100.0	30	
01/06/23	22:30	18.9	18.9	18.8	76	0.0	3.2	SSW	1.61	9.7	S	20.2	0.0	0.0	1011.5	0.00	0.0	0.000	0.000	25.0	53	0.0	0.0	0.00	0.0000	---	---	---	---	699	1	100.0	30	
01/06/23	23:00	19.1	19.2	18.9	75	0.0	4.8	S	2.41	11.3	SSE	20.1	0.0	0.0	1011.4	0.00	0.0	0.000	0.000	24.9	53	0.0	0.0	0.00	0.0000	---	---	---	---	698	1	100.0	30	
01/06/23	23:30	19.4	19.4	19.1	73	0.0	4.8	SSE	2.41	16.1	S	20.4	0.0	0.0	1011.3	0.00	0.0	0.000	0.000	24.7	53	0.0	0.0	0.00	0.0000	---	---	---	---	695	1	100.0	30	
02/06/23	00:00	18.3	19.3	18.3	78	0.0	0.0	S	0.00	4.8	ENE	24.5	0.0	0.0	1011.3	0.00	0.0	0.000	0.000	24.6	53	0.0	0.0	0.00	0.0000	---	---	---	---	697	1	100.0	30	
02/06/23	00:30	18.2	18.3	17.9	78	0.0	0.0	S	0.00	6.4	S	24.4	0.0	0.0	1011.2	0.00	0.0	0.000	0.000	24.4	53	0.0	0.0	0.00	0.0000	---	---	---	---	696	1	100.0	30	
02/06/23	01:00	17.8	18.3	17.8	79	0.0	0.0	S	0.00	3.2	S	24.2	0.0	0.0	1011.0	0.00	0.0	0.000	0.000	24.3	53	0.0	0.0	0.00	0.0000	---	---	---	---	694	1	100.0	30	
02/06/23	01:30	18.0	18.1	17.7	80	0.0	0.0	S	0.00	4.8	S	24.3	0.0	0.0	1011.0	0.00	0.0	0.000	0.000	24.2	53	0.0	0.0	0.00	0.0000	---	---	---	---	697	1	100.0	30	
02/06/23	02:00	17.7	18.3	17.7	79	0.0	1.6	E	0.80	6.4	S	19.4	0.0	0.0	1011.0	0.00	0.0	0.000	0.000	24.1	53	0.0	0.0	0.00	0.0000	---	---	---	---	695	1	100.0	30	
02/06/23	02:30	17.6	17.7	17.6	79	0.0	0.0	E	0.00	3.2	E	24.1	0.0	0.0	1011.1	0.00	0.0	0.000	0.000	24.0	53	0.0	0.0	0.00	0.0000	---	---	---	---	696	1	100.0	30	
02/06/23	03:00	17.3	17.6	17.2	81	0.0	0.0	NNE	0.00	0.0	NNE	23.9	0.0	0.0	1010.8	0.00	0.0	0.000	0.000	23.9	53	0.0	0.0	0.00	0.0000	---	---	---	---	697	1	100.0	30	
02/06/23	03:30	17.4	17.8	17.3	81	0.0	0.0	NNE	0.00	0.0	NNE	24.0	0.0	0.0	1010.8	0.00	0.0	0.000	0.000	23.8	53	0.0	0.0	0.00	0.0000	---	---	---	---	697	1	100.0	30	
02/06/23	04:00	17.2	17.4	17.1	82	0.0	0.0	NNE	0.00	0.0	NNE	23.8	0.0	0.0	1010.9	0.00	0.0	0.000	0.000	23.7	53	0.0	0.0	0.00	0.0000	---	---	---	---	698	1	100.0	30	
02/06/23	04:30	17.2	17.2	17.1	82	0.0	0.0	NNE	0.00	0.0	NNE	23.8	0.0	0.0	1010.8	0.00	0.0	0.000	0.000	23.6	53	0.0	0.0	0.00	0.0000	---	---	---	---	698	1	100.0	30	
02/06/23	05:00	17.3	17.4	17.2	82	0.0	0.0	NNE	0.00	0.0	NNE	23.9	0.0	0.0	1010.7	0.00	0.0	0.000	0.000	23.5	54	0.0	0.0	0.00	0.0000	---	---	---	---	695	1	100.0	30	
02/06/23	05:30	17.4	17.4	17.3	82	0.0	0.0	NNE	0.00	0.0	NNE	23.9	0.0	0.0	1010.7	0.00	0.0	0.000	0.000	23.4	54	0.0	0.0	0.00	0.0000	---	---	---	---	697	1	100.0	30	
02/06/23	06:00	17.3	17.6	17.3	81	0.0	0.0	NNE	0.00	0.0	NNE	23.9	0.0	0.0	1010.8	0.00	0.0	0.000	0.000	23.4	54	0.0	0.0	0.00	0.0000	---	---	---	---	695	1	100.0	30	
02/06/23	06:30	17.7	17.7	17.2	80	0.0	0.0	NNE	0.00	0.0	NNE	24.1	0.0	0.0	1011.0	0.00	0.0	0.000	0.000	23.3	54	0.0	0.0	0.00	0.0000	---	---	---	---	695	1	100.0	30	
02/06/23	07:00	19.0	19.0	17.7	77	0.0	0.0	NNE	0.00	0.0	NNE	24.9	0.0	0.0	1010.8	0.00	0.0	0.000	0.000	23.4	54	0.0	0.0	0.00	0.0000	---	---	---	---	698	1	100.0	30	
02/06/23	07:30	19.9	19.9	19.0	73	0.0	0.0	NNE	0.00	0.0	NNE	25.5	0.0	0.0	1011.0	0.00	0.0	0.000	0.000	23.5	53	0.0	0.0	0.00	0.0000	---	---	---	---	697	1	100.0	30	
02/06/23	08:00	20.3	20.3	19.9	71	0.0	0.0	ENE	0.00	3.2	ENE	25.8	0.0	0.0	1010.8	0.00	0.0	0.000	0.000	23.9	53	0.0	0.0	0.00	0.0000	---	---	---	---	697	1	100.0	30	
02/06/23	08:30	20.9	20.9	20.3	70	0.0	1.6	NNE	0.80	4.8	NNE	22.8	0.0	0.0	1010.9	0.00	0.0	0.000	0.000	24.3	53	0.0	0.0	0.00	0.0000	---	---	---	---	695	1	100.0	30	
02/06/23	09:00	21.2	21.3	20.8	71	0.0	3.2	NNE	1.61	8.0	NE	22.7	0.0	0.0	1011.1	0.00	0.0	0.000	0.000	24.4	53	0.0	0.0	0.00	0.0000	---	---	---	---	699	1	100.0	30	
02/06/23	09:30	22.1	22.1	21.2	69	0.0	3.2	NNE	1.61	9.7	NNE	23.7	0.0	0.0	1011.0	0.00	0.0	0.000	0.000	24.6	53	0.0	0.0	0.00	0.0000	---	---	---	---	697	1	100.0	30	
02/06/23	10:00	22.4	22.5	22.1	69	0.0	3.2	NE	1.61	11.3	NNE	24.1	0.0	0.0	1010.9	0.00	0.0	0.000	0.000	24.6	53	0.0	0.0	0.00	0.0000	---	---	---	---	695	1	100.0	30	
02/06/23	10:30	23.0	23.2	22.3	69	0.0	3.2	NNE	1.61	12.9	NNE	24.7	0.0	0.0	1010.9	0.00	0.0	0.000	0.000	24.6	53	0.0	0.0	0.00	0.0000	---	---	---	---	696	1	100.0	30	
02/06/23	11:00	23.8	23.8	22.9	65	0.0	4.8	NE	2.41	17.7	NNE	25.5	0.0	0.0	1010.9	0.00	0.0	0.000	0.000	24.6	53	0.0	0.0	0.00	0.0000	---	---	---	---	699	1	100.0	30	
02/06/23	11:30	24.8	24.8	23.7	60	0.0	4.8	NE	2.41	14.5	N	26.5	0.0	0.0	1010.8	0.00	0.0	0.000	0.000	24.6	53	0.0	0.0	0.00	0.0000	---	---	---	---	697	1	100.0	30	
02/06/23	12:00	25.3	25.6	24.7	56	0.0	4.8	NE	2.41	14.5	ENE	27.1	0.0	0.0	1010.7	0.00	0.0	0.000	0.000	24.6	53	0.0	0.0	0.00	0.0000	---	---	---	---	695	1	100.0	30	
02/06/23	12:30	25.8	27.1	25.2	53	0.0	4.8	W	2.41	16.1	WSW	27.7	0.0	0.0	1010.6	0.00	0.0	0.000	0.000	24.8	53	0.0	0.0	0.00	0.0000	---	---	---	---	695	1	100.0	30	
02/06/23	13:00	27.3	27.3	24.9	51	0.0	4.8	W	2.41	22.5	S	29.4	0.0	0.0	1010.4	0.00	0.0	0.000	0.000	24.8	53	0.0	0.0	0.00	0.0000	---	---	---	---	698	1	100.0	30	
02/06/23	13:30	26.9	27.7	25.4	49	0.0	3.2	E	1.61	11.3	E	29.0	0.0	0.0	1010.2	0.00	0.0	0.000	0.000	24.9	53	0.0	0.0	0.00	0.0000	---	---	---	---	697	1	100.0	30	
02/06/23	14:00	27.2	27.2	25.5	46	0.0	4.8	ENE	2.41	14.5	NE	29.3	0.0	0.0	1010.0	0.00	0.0	0.000	0.000	25.1	53	0.0	0.0	0.00	0.0000	---	---	---	---	697	1	100.0	30	
02/06/23	14:30	25.4	27.4	25.4	59	0.0	6.4	NE	3.22	19.3	NNE	27.1	0.0	0.0	1010.3	0.00	0.0	0.000	0.000	25.2	53	0.0	0.0	0.00	0.0000	---	---	---	---	697	1	100.0	30	
02/06/23	15:00	23.6	25.3	23.6	63	0.0	4.8	E	2.41	16.1	N	25.2	0.0	0.0	1010.7	0.00	0.0	0.000	0.000	25.2	53	0.0	0.0	0.00	0.0000	---	---	---	---	694	1	100.0	30	
02/06/23	15:30	22.0	23.6	21.9	70	0.0	4.8	W	2.41	19.3	WSW	23.4	0.0	0.0	1010.6	0.00	0.0	0.000	0.000	25.1	53	0.0	0.0	0.00	0.0000	---	---	---	---	697	1	100.0	30	
02/06/23	16:00	22.4	22.7	21.9	66	0.0	3.2	WNW	1.61	12.9	W	24.0	0.0	0.0	1010.6	0.00	0.0	0.000	0.000	25.0	53	0.0	0.0	0.00	0.0000	---	---	---	---	696	1	100.0	30	
02/06/23	16:30	20.6	22.6	20.6	71	0.0	4.8	SE	2.41	14.5	S	21.8	0.0	0.0	1010.8	0.00	0.0	0.000	0.000	25.0	53	0.0	0.0	0.00	0.0000	---	---	---	---	697	1	100.0	30	
02/06/23	17:00	19.7	20.6	19.6	83	0.0	1.6	E	0.80	6.4	E	21.5	0.0	0.0	1010.3	0.00	0.0	0.000	0.000	24.9	53	0.0	0.0	0.00	0.0000	---	---	---	---	697	1	100.0	30	
02/06/23	17:30	20.2	20.3	19.7	79	0.0	0.0	S	0.00	3.2	E	25.7	0.0	0.0	1010.1	0.00	0.0	0.000	0.000	24.8	54	0.0	0.0	0.00	0.0000	---	---	---	---	698	1	100.0	30	
02/06/23	18:00	20.6	20.8	20.2	80	0.0	0.0	NNE	0.00	1.6	NNE	25.9	0.0	0.0	1010.4	0.00	0.0	0.000	0.000	24.7	54	0.0	0.0	0.00	0.0000	---	---	---	---	697	1	100.0	30	
02/06/23	18:30	20.8	20.9	20.4	78	0.0	0.0	NNE	0.00	0.0	NNE	26.0	0.0	0.0	1010.5	0.00	0.0	0.000	0.000	24.7	54	0.0	0.0	0.00	0.0000	---	---	---	---	696	1	100.0	30	
02/06/23	19:00	20.7	20.9	20.7	78	0.0	0.0	N	0.00	1.6	N	26.0	0.0	0.0	1010.4	0.00	0.0	0.000	0.000	24.7	54	0.0	0.0	0.00	0.0000	---	---	---	---	697	1	100.0	30	
02/06/23	19:30	20.8	21.0	20.7	78	0.0	0.0	SW	0.00	4.8	SW	26.1	0.0	0.0	1010.7	0.00	0.0	0.000	0.000	24.6	54	0.0	0.0	0.00	0.0000	---	---	---	---	697	1	100.0	30	
02/06/23	20:00	20.2	20.8	20.2	81	0.0	1.6	SW	0.80	4.8	SW	22.1	0.0	0.0	1010.8	0.00	0.0	0.000	0.000	24.5	54	0.0	0.0	0.00	0.0000	---	---	---	---	696	1	100.0	30	
02/06/23	20:30	19.8	20.3	19.8	81	0.0	1.6	SSE	0.80	4.8	SSE	21.7	0.0	0.0	1010.8	0.00	0.0	0.000	0.000	24.4	54	0.0	0.0	0.00	0.0000	---	---	---	---	696	1	100.0	30	
02/06/23	21:00	19.1	19.9	19.1	83	0.0	0.0	SE	0.00	3.2	SE	25.0	0.0	0.0	1011.0	0.00	0.0	0.000	0.000	24.3	54	0.0	0.0	0.00	0.0000	---	---	---	---	698	1	100.0	30	
02/06/23	21:30	18.9	19.2	18.8	84	0.0	3.2	SSW	1.61	8.0	S	20.2	0.0	0.0	1011.1	0.00	0.0	0.000	0.000	24.2	55	0.0	0.0	0.00	0.0000	---	---	---	---	697	1	100.0	30	
02/06/23	22:00	18.9	19.0	18.8	83	0.0	3.2	SSW	1.61	9.7	S	20.2	0.0	0.0	1011.4	0.00	0.0	0.000	0.000	24.1	55	0.0	0.0	0.00	0.0000	---	---	---	---	694	1	100.0	30	
02/06/23	22:30	18.7	18.9	18.7	82	0.0	3.2	SSW	1.61	4.8	SSW	20.0	0.0	0.0	1011.4	0.00	0.0	0.000	0.000	23.9	55	0.0	0.0	0.00	0.0000	---	---	---	---	696	1	100.0	30	
02/06/23	23:00	18.7	18.8	18.7	81	0.0	1.6	SSW	0.80	4.8	SSW	20.5	0.0	0.0	1011.4	0.00	0.0	0.000	0.000	23.8	55	0.0	0.0	0.00	0.0000	---	---	---	---	699	1	100.0	30	
02/06/23	23:30	18.1	18.7	18.1	81	0.0	0.0	NNE	0.00	0.0	NNE	24.3	0.0	0.0	1011.3	0.00	0.0	0.000	0.000	23.7	55	0.0	0.0	0.00	0.0000	---	---	---	---	698	1	100.0	30	
03/06/23	00:00	18.1	18.2	18.0	76	0.0	0.0	ESE	0.00	3.2	ESE	24.3	0.0	0.0	1011.4	0.00	0.0	0.000	0.000	23.7	55	0.0	0.0	0.00	0.0000	---	---	---	---	699	1	100.0	30	
03/06/23	00:30	18.1	18.2	18.0	77	0.0	0.0	ESE	0.00	4.8	ENE	24.3	0.0	0.0	1011.5	0.00	0.0	0.000	0.000	23.6	55	0.0	0.0	0.00	0.0000	---	---	---	---	696	1	100.0	30	
03/06/23	01:00	17.6	18.1	17.6	78	0.0	0.0	ENE	0.00	3.2	ENE	24.1	0.0	0.0	1011.2	0.00	0.0	0.000	0.000	23.4	55	0.0	0.0	0.00	0.0000	---	---	---	---	697	1	100.0	30	
03/06/23	01:30	16.7	17.8	16.6	80	0.0	1.6	NE	0.80	6.4	NNE	18.3	0.0	0.0	1011.3	0.00	0.0	0.000	0.000	23.4	55	0.0	0.0	0.00	0.0000	---	---	---	---	693	1	100.0	30	
03/06/23	02:00	16.7	17.1	16.7	83	0.0	1.6	SSW	0.80	8.0	S	18.3	0.0	0.0	1011.5	0.00	0.0	0.000	0.000	23.3	55	0.0	0.0	0.00	0.0000	---	---	---	---	696	1	100.0	30	
03/06/23	02:30	17.2	17.2	16.7	80	0.0	3.2	SSW	1.61	8.0	SW	18.3	0.0	0.0	1011.6	0.00	0.0	0.000	0.000	23.2	55	0.0	0.0	0.00	0.0000	---	---	---	---	696	1	100.0	30	
03/06/23	03:00	17.3	17.4	17.1	81	0.0	1.6	S	0.80	6.4	SSW	19.0	0.0	0.0	1011.6	0.00	0.0	0.000	0.000	23.1	55	0.0	0.0	0.00	0.0000	---	---	---	---	694	1	100.0	30	
03/06/23	03:30	16.7	17.3	16.6	84	0.0	0.0	S	0.00	1.6	S	23.5	0.0	0.0	1011.4	0.00	0.0	0.000	0.000	23.1	55	0.0	0.0	0.00	0.0000	---	---	---	---	697	1	100.0	30	
03/06/23	04:00	16.6	16.7	16.6	84	0.0	0.0	S	0.00	1.6	S	23.4	0.0	0.0	1011.1	0.00	0.0	0.000	0.000	22.9	55	0.0	0.0	0.00	0.0000	---	---	---	---	698	1	100.0	30	
03/06/23	04:30	16.8	16.8	16.6	85	0.0	0.0	S	0.00	3.2	S	23.5	0.0	0.0	1010.8	0.00	0.0	0.000	0.000	22.8	55	0.0	0.0	0.00	0.0000	---	---	---	---	700	1	100.0	30	
03/06/23	05:00	16.6	16.8	16.4	86	0.0	0.0	S	0.00	1.6	S	23.4	0.0	0.0	1010.8	0.00	0.0	0.000	0.000	22.8	55	0.0	0.0	0.00	0.0000	---	---	---	---	697	1	100.0	30	
03/06/23	05:30	16.4	16.6	16.4	85	0.0	1.6	S	0.80	4.8	S	18.1	0.0	0.0	1010.8	0.00	0.0	0.000	0.000	22.7	55	0.0	0.0	0.00	0.0000	---	---	---	---	697	1	100.0	30	
03/06/23	06:00	17.0	17.0	16.1	79	0.0	0.0	ENE	0.00	3.2	ENE	23.7	0.0	0.0	1011.0	0.00	0.0	0.000	0.000	22.6	55	0.0	0.0	0.00	0.0000	---	---	---	---	696	1	100.0	30	
03/06/23	06:30	17.3	17.3	17.0	79	0.0	0.0	ENE	0.00	3.2	ENE	23.9	0.0	0.0	1011.2	0.00	0.0	0.000	0.000	22.6	55	0.0	0.0	0.00	0.0000	---	---	---	---	696	1	100.0	30	
03/06/23	07:00	18.4	18.4	17.3	79	0.0	0.0	ENE	0.00	3.2	ENE	24.6	0.0	0.0	1011.3	0.00	0.0	0.000	0.000	22.7	55	0.0	0.0	0.00	0.0000	---	---	---	---	697	1	100.0	30	
03/06/23	07:30	19.2	19.2	18.4	76	0.0	1.6	NE	0.80	4.8	ENE	21.0	0.0	0.0	1011.5	0.00	0.0	0.000	0.000	22.8	55	0.0	0.0	0.00	0.0000	---	---	---	---	698	1	100.0	30	
03/06/23	08:00	19.1	19.3	18.9	78	0.0	0.0	NE	0.00	4.8	NE	25.0	0.0	0.0	1011.7	0.00	0.0	0.000	0.000	23.2	55	0.0	0.0	0.00	0.0000	---	---	---	---	695	1	100.0	30	
03/06/23	08:30	20.1	20.1	19.1	79	0.0	1.6	WSW	0.80	8.0	SW	21.9	0.0	0.0	1011.9	0.00	0.0	0.000	0.000	23.6	54	0.0	0.0	0.00	0.0000	---	---	---	---	697	1	100.0	30	
03/06/23	09:00	21.2	21.2	19.7	75	0.0	3.2	W	1.61	9.7	W	22.7	0.0	0.0	1012.2	0.00	0.0	0.000	0.000	23.8	54	0.0	0.0	0.00	0.0000	---	---	---	---	698	1	100.0	30	
03/06/23	09:30	21.8	21.8	21.1	71	0.0	3.2	W	1.61	6.4	SSW	23.4	0.0	0.0	1012.2	0.00	0.0	0.000	0.000	23.9	54	0.0	0.0	0.00	0.0000	---	---	---	---	695	1	100.0	30	
03/06/23	10:00	22.7	22.7	21.8	69	0.0	3.2	NE	1.61	9.7	NNE	24.3	0.0	0.0	1012.2	0.00	0.0	0.000	0.000	23.9	54	0.0	0.0	0.00	0.0000	---	---	---	---	698	1	100.0	30	
03/06/23	10:30	23.4	23.6	22.6	67	0.0	3.2	NE	1.61	9.7	NE	25.1	0.0	0.0	1012.4	0.00	0.0	0.000	0.000	23.9	55	0.0	0.0	0.00	0.0000	---	---	---	---	697	1	100.0	30	
03/06/23	11:00	24.1	24.2	23.3	63	0.0	3.2	WNW	1.61	12.9	NNE	25.9	0.0	0.0	1012.5	0.00	0.0	0.000	0.000	23.9	55	0.0	0.0	0.00	0.0000	---	---	---	---	695	1	100.0	30	
03/06/23	11:30	24.8	24.9	24.1	63	0.0	3.2	NNE	1.61	14.5	NNE	26.7	0.0	0.0	1012.5	0.00	0.0	0.000	0.000	24.0	55	0.0	0.0	0.00	0.0000	---	---	---	---	697	1	100.0	30	
03/06/23	12:00	24.8	25.9	24.4	67	0.0	6.4	NE	3.22	19.3	ENE	26.4	0.0	0.0	1012.6	0.00	0.0	0.000	0.000	24.1	55	0.0	0.0	0.00	0.0000	---	---	---	---	696	1	100.0	30	
03/06/23	12:30	23.6	25.3	23.6	67	0.0	8.0	NE	4.02	22.5	NE	25.0	0.0	0.0	1012.6	0.00	0.0	0.000	0.000	24.2	55	0.0	0.0	0.00	0.0000	---	---	---	---	697	1	100.0	30	
03/06/23	13:00	25.4	25.4	23.6	62	0.0	8.0	NE	4.02	25.7	NE	27.1	0.0	0.0	1012.7	0.00	0.0	0.000	0.000	24.3	55	0.0	0.0	0.00	0.0000	---	---	---	---	698	1	100.0	30	
03/06/23	13:30	24.0	25.5	24.0	63	0.0	9.7	NNE	4.83	25.7	N	25.4	0.0	0.0	1013.1	0.00	0.0	0.000	0.000	24.4	55	0.0	0.0	0.00	0.0000	---	---	---	---	696	1	100.0	30	
03/06/23	14:00	23.7	24.2	23.6	66	0.0	8.0	NNE	4.02	19.3	N	25.1	0.0	0.0	1013.1	0.00	0.0	0.000	0.000	24.4	55	0.0	0.0	0.00	0.0000	---	---	---	---	699	1	100.0	30	
03/06/23	14:30	23.8	23.9	23.2	66	0.0	6.4	NE	3.22	20.9	NE	25.3	0.0	0.0	1012.7	0.00	0.0	0.000	0.000	24.5	55	0.0	0.0	0.00	0.0000	---	---	---	---	697	1	100.0	30	
03/06/23	15:00	24.4	24.8	23.4	63	0.0	4.8	NE	2.41	19.3	NE	26.1	0.0	0.0	1013.1	0.00	0.0	0.000	0.000	24.7	55	0.0	0.0	0.00	0.0000	---	---	---	---	696	1	100.0	30	
03/06/23	15:30	23.9	24.6	23.7	66	0.0	6.4	NE	3.22	17.7	NE	25.5	0.0	0.0	1013.2	0.00	0.0	0.000	0.000	25.0	55	0.0	0.0	0.00	0.0000	---	---	---	---	696	1	100.0	30	
03/06/23	16:00	24.1	24.1	23.6	64	0.0	3.2	ENE	1.61	12.9	NNE	25.9	0.0	0.0	1013.2	0.00	0.0	0.000	0.000	25.1	55	0.0	0.0	0.00	0.0000	---	---	---	---	696	1	100.0	30	
03/06/23	16:30	23.6	24.3	23.6	67	0.0	4.8	NNE	2.41	14.5	N	25.2	0.0	0.0	1013.1	0.00	0.0	0.000	0.000	25.3	54	0.0	0.0	0.00	0.0000	---	---	---	---	696	1	100.0	30	
03/06/23	17:00	23.5	23.9	23.4	69	0.0	6.4	NNE	3.22	17.7	NNE	25.0	0.0	0.0	1013.0	0.00	0.0	0.000	0.000	25.6	54	0.0	0.0	0.00	0.0000	---	---	---	---	697	1	100.0	30	
03/06/23	17:30	23.8	23.9	23.4	68	0.0	4.8	NE	2.41	14.5	NE	25.5	0.0	0.0	1012.8	0.00	0.0	0.000	0.000	25.6	54	0.0	0.0	0.00	0.0000	---	---	---	---	696	1	100.0	30	
03/06/23	18:00	23.6	23.9	23.4	68	0.0	4.8	NE	2.41	14.5	NE	25.1	0.0	0.0	1013.0	0.00	0.0	0.000	0.000	25.8	54	0.0	0.0	0.00	0.0000	---	---	---	---	696	1	100.0	30	
03/06/23	18:30	23.1	23.7	22.9	71	0.0	4.8	NE	2.41	14.5	NE	24.6	0.0	0.0	1013.1	0.00	0.0	0.000	0.000	25.9	54	0.0	0.0	0.00	0.0000	---	---	---	---	699	1	100.0	30	
03/06/23	19:00	22.6	23.2	22.6	69	0.0	4.8	NE	2.41	14.5	N	24.0	0.0	0.0	1013.3	0.00	0.0	0.000	0.000	26.1	54	0.0	0.0	0.00	0.0000	---	---	---	---	695	1	100.0	30	
03/06/23	19:30	22.1	22.7	22.1	73	0.0	3.2	NE	1.61	11.3	NNE	23.7	0.0	0.0	1013.3	0.00	0.0	0.000	0.000	25.9	54	0.0	0.0	0.00	0.0000	---	---	---	---	697	1	100.0	30	
03/06/23	20:00	21.4	22.1	21.4	77	0.0	3.2	NE	1.61	9.7	NE	23.0	0.0	0.0	1013.4	0.00	0.0	0.000	0.000	25.6	55	0.0	0.0	0.00	0.0000	---	---	---	---	696	1	100.0	30	
03/06/23	20:30	20.8	21.6	20.8	80	0.0	1.6	NE	0.80	9.7	E	22.7	0.0	0.0	1013.4	0.00	0.0	0.000	0.000	25.3	55	0.0	0.0	0.00	0.0000	---	---	---	---	697	1	100.0	30	
03/06/23	21:00	19.9	20.8	19.9	84	0.0	1.6	ENE	0.80	8.0	ENE	21.8	0.0	0.0	1013.7	0.00	0.0	0.000	0.000	25.1	55	0.0	0.0	0.00	0.0000	---	---	---	---	695	1	100.0	30	
03/06/23	21:30	19.3	19.9	19.3	85	0.0	1.6	ENE	0.80	4.8	ENE	21.1	0.0	0.0	1014.0	0.00	0.0	0.000	0.000	24.8	55	0.0	0.0	0.00	0.0000	---	---	---	---	698	1	100.0	30	
03/06/23	22:00	19.2	19.3	19.1	85	0.0	1.6	SSW	0.80	11.3	SSW	21.0	0.0	0.0	1014.1	0.00	0.0	0.000	0.000	24.6	55	0.0	0.0	0.00	0.0000	---	---	---	---	696	1	100.0	30	
03/06/23	22:30	18.8	19.2	18.8	86	0.0	4.8	SSW	2.41	8.0	SW	19.8	0.0	0.0	1014.3	0.00	0.0	0.000	0.000	24.4	56	0.0	0.0	0.00	0.0000	---	---	---	---	694	1	100.0	30	
03/06/23	23:00	18.8	18.9	18.7	87	0.0	4.8	SSW	2.41	8.0	SSW	19.7	0.0	0.0	1014.1	0.00	0.0	0.000	0.000	24.3	56	0.0	0.0	0.00	0.0000	---	---	---	---	697	1	100.0	30	
03/06/23	23:30	18.5	18.8	18.5	87	0.0	4.8	SSW	2.41	9.7	SSW	19.4	0.0	0.0	1013.9	0.00	0.0	0.000	0.000	24.2	56	0.0	0.0	0.00	0.0000	---	---	---	---	695	1	100.0	30	
04/06/23	00:00	18.3	18.6	18.2	87	0.0	3.2	SSW	1.61	8.0	SW	19.5	0.0	0.0	1013.8	0.00	0.0	0.000	0.000	24.1	56	0.0	0.0	0.00	0.0000	---	---	---	---	697	1	100.0	30	
04/06/23	00:30	18.5	18.5	18.3	85	0.0	3.2	SSW	1.61	9.7	SW	19.8	0.0	0.0	1013.8	0.00	0.0	0.000	0.000	23.9	56	0.0	0.0	0.00	0.0000	---	---	---	---	694	1	100.0	30	
04/06/23	01:00	18.2	18.5	18.1	85	0.0	0.0	S	0.00	3.2	S	24.4	0.0	0.0	1013.7	0.00	0.0	0.000	0.000	23.8	56	0.0	0.0	0.00	0.0000	---	---	---	---	696	1	100.0	30	
04/06/23	01:30	18.2	18.3	17.9	85	0.0	0.0	NNE	0.00	0.0	NNE	24.4	0.0	0.0	1013.5	0.00	0.0	0.000	0.000	23.7	56	0.0	0.0	0.00	0.0000	---	---	---	---	697	1	100.0	30	
04/06/23	02:00	17.6	18.2	17.4	87	0.0	0.0	NNE	0.00	0.0	NNE	24.0	0.0	0.0	1013.4	0.00	0.0	0.000	0.000	23.6	56	0.0	0.0	0.00	0.0000	---	---	---	---	697	1	100.0	30	
04/06/23	02:30	17.8	17.8	17.5	86	0.0	1.6	SSW	0.80	8.0	SW	19.5	0.0	0.0	1013.0	0.00	0.0	0.000	0.000	23.5	56	0.0	0.0	0.00	0.0000	---	---	---	---	696	1	100.0	30	
04/06/23	03:00	17.6	17.8	17.6	86	0.0	3.2	SSW	1.61	6.4	SSW	18.8	0.0	0.0	1012.8	0.00	0.0	0.000	0.000	23.4	56	0.0	0.0	0.00	0.0000	---	---	---	---	698	1	100.0	30	
04/06/23	03:30	17.6	17.7	17.6	85	0.0	3.2	SSW	1.61	8.0	SSW	18.7	0.0	0.0	1012.8	0.00	0.0	0.000	0.000	23.4	56	0.0	0.0	0.00	0.0000	---	---	---	---	696	1	100.0	30	
04/06/23	04:00	17.4	17.6	17.3	86	0.0	4.8	SSW	2.41	14.5	SSE	18.2	0.0	0.0	1013.2	0.00	0.0	0.000	0.000	23.3	56	0.0	0.0	0.00	0.0000	---	---	---	---	697	1	100.0	30	
04/06/23	04:30	18.0	18.0	17.4	84	0.0	3.2	S	1.61	11.3	SSE	19.2	0.0	0.0	1013.4	0.00	0.0	0.000	0.000	23.2	56	0.0	0.0	0.00	0.0000	---	---	---	---	696	1	100.0	30	
04/06/23	05:00	17.9	18.2	17.9	84	0.0	3.2	S	1.61	6.4	SSE	19.1	0.0	0.0	1013.2	0.00	0.0	0.000	0.000	23.1	56	0.0	0.0	0.00	0.0000	---	---	---	---	694	1	100.0	30	
04/06/23	05:30	17.2	17.9	17.2	85	0.0	3.2	SW	1.61	8.0	SW	18.3	0.0	0.0	1013.3	0.00	0.0	0.000	0.000	23.1	56	0.0	0.0	0.00	0.0000	---	---	---	---	696	1	100.0	30	
04/06/23	06:00	17.1	17.2	16.9	87	0.0	1.6	SSW	0.80	6.4	SSW	18.7	0.0	0.0	1013.2	0.00	0.0	0.000	0.000	23.1	56	0.0	0.0	0.00	0.0000	---	---	---	---	695	1	100.0	30	
04/06/23	06:30	17.2	17.3	17.1	87	0.0	4.8	SSW	2.41	9.7	SSW	18.0	0.0	0.0	1013.3	0.00	0.0	0.000	0.000	22.9	56	0.0	0.0	0.00	0.0000	---	---	---	---	697	1	100.0	30	
04/06/23	07:00	18.1	18.1	17.1	87	0.0	3.2	SSW	1.61	9.7	S	19.3	0.0	0.0	1013.4	0.00	0.0	0.000	0.000	23.0	56	0.0	0.0	0.00	0.0000	---	---	---	---	696	1	100.0	30	
04/06/23	07:30	18.9	19.1	18.1	85	0.0	1.6	W	0.80	6.4	SSW	20.7	0.0	0.0	1013.6	0.00	0.0	0.000	0.000	23.1	56	0.0	0.0	0.00	0.0000	---	---	---	---	697	1	100.0	30	
04/06/23	08:00	18.7	19.3	18.7	87	0.0	1.6	W	0.80	11.3	NNE	20.5	0.0	0.0	1014.1	0.00	0.0	0.000	0.000	23.1	56	0.0	0.0	0.00	0.0000	---	---	---	---	694	1	100.0	30	
04/06/23	08:30	19.2	19.2	18.7	88	0.0	3.2	SW	1.61	6.4	SW	20.5	0.0	0.0	1014.2	0.00	0.0	0.000	0.000	23.1	56	0.0	0.0	0.00	0.0000	---	---	---	---	698	1	100.0	30	
04/06/23	09:00	19.7	19.7	19.1	85	0.0	3.2	SSW	1.61	8.0	SSW	21.0	0.0	0.0	1014.3	0.00	0.0	0.000	0.000	23.2	56	0.0	0.0	0.00	0.0000	---	---	---	---	696	1	100.0	30	
04/06/23	09:30	20.8	20.9	19.6	82	0.0	4.8	SSW	2.41	11.3	WSW	22.1	0.0	0.0	1014.3	0.00	0.0	0.000	0.000	23.4	56	0.0	0.0	0.00	0.0000	---	---	---	---	697	1	100.0	30	
04/06/23	10:00	20.7	20.9	20.3	83	0.0	3.2	W	1.61	8.0	WSW	22.1	0.0	0.0	1014.4	0.00	0.0	0.000	0.000	23.5	56	0.0	0.0	0.00	0.0000	---	---	---	---	697	1	100.0	30	
04/06/23	10:30	21.4	21.4	20.7	81	0.0	1.6	NNE	0.80	8.0	NNE	23.3	0.0	0.0	1014.5	0.00	0.0	0.000	0.000	23.7	56	0.0	0.0	0.00	0.0000	---	---	---	---	695	1	100.0	30	
04/06/23	11:00	21.8	21.9	21.3	79	0.0	3.2	W	1.61	9.7	W	23.4	0.0	0.0	1014.6	0.00	0.0	0.000	0.000	23.7	56	0.0	0.0	0.00	0.0000	---	---	---	---	698	1	100.0	30	
04/06/23	11:30	23.2	23.6	21.8	71	0.0	3.2	W	1.61	11.3	W	24.9	0.0	0.0	1014.5	0.00	0.0	0.000	0.000	23.9	56	0.0	0.0	0.00	0.0000	---	---	---	---	697	1	100.0	30	
04/06/23	12:00	23.9	24.0	22.8	69	0.0	3.2	WSW	1.61	11.3	WSW	25.7	0.0	0.0	1014.4	0.00	0.0	0.000	0.000	24.1	56	0.0	0.0	0.00	0.0000	---	---	---	---	695	1	100.0	30	
04/06/23	12:30	23.7	24.1	23.3	69	0.0	3.2	WNW	1.61	11.3	W	25.4	0.0	0.0	1014.7	0.00	0.0	0.000	0.000	24.2	56	0.0	0.0	0.00	0.0000	---	---	---	---	695	1	100.0	30	
04/06/23	13:00	24.0	24.2	23.2	70	0.0	4.8	NNE	2.41	16.1	NNE	25.7	0.0	0.0	1014.7	0.00	0.0	0.000	0.000	24.3	56	0.0	0.0	0.00	0.0000	---	---	---	---	697	1	100.0	30	
04/06/23	13:30	23.4	24.0	23.3	72	0.0	6.4	NE	3.22	17.7	NE	24.8	0.0	0.0	1014.4	0.00	0.0	0.000	0.000	24.4	56	0.0	0.0	0.00	0.0000	---	---	---	---	696	1	100.0	30	
04/06/23	14:00	23.6	23.6	23.2	73	0.0	9.7	NE	4.83	22.5	NE	24.9	0.0	0.0	1014.4	0.00	0.0	0.000	0.000	24.6	56	0.0	0.0	0.00	0.0000	---	---	---	---	696	1	100.0	30	
04/06/23	14:30	24.1	25.0	23.7	70	0.0	6.4	NNE	3.22	20.9	W	25.6	0.0	0.0	1014.4	0.00	0.0	0.000	0.000	24.7	56	0.0	0.0	0.00	0.0000	---	---	---	---	697	1	100.0	30	
04/06/23	15:00	22.6	24.2	22.6	71	0.0	9.7	NNE	4.83	22.5	NNE	23.7	0.0	0.0	1014.4	0.00	0.0	0.000	0.000	24.8	56	0.0	0.0	0.00	0.0000	---	---	---	---	697	1	100.0	30	
04/06/23	15:30	22.5	22.5	22.2	68	0.0	8.0	NNE	4.02	20.9	NE	23.7	0.0	0.0	1014.6	0.00	0.0	0.000	0.000	24.8	56	0.0	0.0	0.00	0.0000	---	---	---	---	695	1	100.0	30	
04/06/23	16:00	22.8	22.8	22.3	68	0.0	8.0	NE	4.02	17.7	NE	24.0	0.0	0.0	1014.7	0.00	0.0	0.000	0.000	25.1	56	0.0	0.0	0.00	0.0000	---	---	---	---	696	1	100.0	30	
04/06/23	16:30	22.3	22.8	22.1	69	0.0	8.0	NE	4.02	19.3	NE	23.4	0.0	0.0	1014.7	0.00	0.0	0.000	0.000	25.0	56	0.0	0.0	0.00	0.0000	---	---	---	---	696	1	100.0	30	
04/06/23	17:00	22.0	22.2	21.6	69	0.0	3.2	E	1.61	8.0	NNE	23.6	0.0	0.0	1013.9	0.00	0.0	0.000	0.000	24.9	56	0.0	0.0	0.00	0.0000	---	---	---	---	698	1	100.0	30	
04/06/23	17:30	21.7	22.2	21.4	70	0.0	3.2	NE	1.61	12.9	NNE	23.2	0.0	0.0	1013.9	0.00	0.0	0.000	0.000	24.8	56	0.0	0.0	0.00	0.0000	---	---	---	---	697	1	100.0	30	
04/06/23	18:00	21.6	21.9	21.6	72	0.0	4.8	NNE	2.41	14.5	NE	22.9	0.0	0.0	1013.9	0.00	0.0	0.000	0.000	24.7	56	0.0	0.0	0.00	0.0000	---	---	---	---	698	1	100.0	30	
04/06/23	18:30	21.0	21.6	20.9	75	0.0	4.8	NE	2.41	14.5	NNE	22.3	0.0	0.0	1013.9	0.00	0.0	0.000	0.000	24.6	56	0.0	0.0	0.00	0.0000	---	---	---	---	696	1	100.0	30	
04/06/23	19:00	20.3	21.0	20.3	80	0.0	3.2	NE	1.61	11.3	E	21.8	0.0	0.0	1013.9	0.00	0.0	0.000	0.000	24.4	56	0.0	0.0	0.00	0.0000	---	---	---	---	694	1	100.0	30	
04/06/23	19:30	20.2	20.3	20.1	79	0.0	3.2	ENE	1.61	9.7	E	21.6	0.0	0.0	1014.1	0.00	0.0	0.000	0.000	24.3	56	0.0	0.0	0.00	0.0000	---	---	---	---	696	1	100.0	30	
04/06/23	20:00	20.0	20.2	19.9	81	0.0	1.6	ENE	0.80	8.0	ENE	21.8	0.0	0.0	1013.8	0.00	0.0	0.000	0.000	24.2	57	0.0	0.0	0.00	0.0000	---	---	---	---	697	1	100.0	30	
04/06/23	20:30	19.6	20.0	19.6	82	0.0	1.6	NE	0.80	6.4	NE	21.4	0.0	0.0	1013.7	0.00	0.0	0.000	0.000	24.1	57	0.0	0.0	0.00	0.0000	---	---	---	---	697	1	100.0	30	
04/06/23	21:00	19.6	19.6	19.5	83	0.0	1.6	SW	0.80	8.0	SW	21.4	0.0	0.0	1013.7	0.00	0.0	0.000	0.000	23.9	57	0.0	0.0	0.00	0.0000	---	---	---	---	696	1	100.0	30	
04/06/23	21:30	19.1	19.6	19.0	86	0.0	4.8	SW	2.41	12.9	S	20.1	0.0	0.0	1013.4	0.00	0.0	0.000	0.000	23.8	57	0.0	0.0	0.00	0.0000	---	---	---	---	696	1	100.0	30	
04/06/23	22:00	19.0	19.1	18.9	84	0.0	6.4	SSW	3.22	17.7	SSE	19.8	0.0	0.0	1013.2	0.00	0.0	0.000	0.000	23.7	57	0.0	0.0	0.00	0.0000	---	---	---	---	695	1	100.0	30	
04/06/23	22:30	19.8	19.8	19.0	79	0.0	8.0	SSW	4.02	17.7	SW	20.5	0.0	0.0	1013.4	0.00	0.0	0.000	0.000	23.6	57	0.0	0.0	0.00	0.0000	---	---	---	---	697	1	100.0	30	
04/06/23	23:00	19.7	19.8	19.7	80	0.0	4.8	SW	2.41	14.5	S	20.8	0.0	0.0	1013.7	0.00	0.0	0.000	0.000	23.6	57	0.0	0.0	0.00	0.0000	---	---	---	---	696	1	100.0	30	
04/06/23	23:30	19.5	19.8	19.5	80	0.0	3.2	SW	1.61	9.7	S	20.9	0.0	0.0	1013.9	0.00	0.0	0.000	0.000	23.5	57	0.0	0.0	0.00	0.0000	---	---	---	---	697	1	100.0	30	
05/06/23	00:00	19.1	19.6	19.1	82	0.0	3.2	SW	1.61	9.7	SSW	20.4	0.0	0.0	1013.9	0.00	0.0	0.000	0.000	23.4	57	0.0	0.0	0.00	0.0000	---	---	---	---	696	1	100.0	30	
05/06/23	00:30	18.5	19.1	18.5	85	0.0	3.2	SSW	1.61	6.4	SSW	19.8	0.0	0.0	1013.8	0.00	0.0	0.000	0.000	23.4	57	0.0	0.0	0.00	0.0000	---	---	---	---	693	1	100.0	30	
05/06/23	01:00	18.7	18.7	18.5	86	0.0	3.2	SSW	1.61	8.0	SW	19.9	0.0	0.0	1014.0	0.00	0.0	0.000	0.000	23.3	57	0.0	0.0	0.00	0.0000	---	---	---	---	698	1	100.0	30	
05/06/23	01:30	18.6	18.7	18.6	87	0.0	3.2	SSW	1.61	8.0	SSW	19.9	0.0	0.0	1014.0	0.00	0.0	0.000	0.000	23.3	57	0.0	0.0	0.00	0.0000	---	---	---	---	694	1	100.0	30	
05/06/23	02:00	18.7	18.7	18.6	87	0.0	0.0	WSW	0.00	4.8	WSW	24.7	0.0	0.0	1014.0	0.00	0.0	0.000	0.000	23.2	57	0.0	0.0	0.00	0.0000	---	---	---	---	699	1	100.0	30	
05/06/23	02:30	18.5	18.7	18.5	88	0.0	1.6	W	0.80	6.4	WSW	20.3	0.0	0.0	1013.8	0.00	0.0	0.000	0.000	23.2	57	0.0	0.0	0.00	0.0000	---	---	---	---	696	1	100.0	30	
05/06/23	03:00	17.1	18.5	17.0	87	0.0	4.8	W	2.41	14.5	NW	17.8	0.0	0.0	1013.9	0.00	0.0	0.000	0.000	23.2	57	0.0	0.0	0.00	0.0000	---	---	---	---	697	1	100.0	30	
05/06/23	03:30	17.2	17.2	16.9	88	0.0	1.6	S	0.80	8.0	SSE	18.9	0.0	0.0	1013.9	0.00	0.0	0.000	0.000	23.1	57	0.0	0.0	0.00	0.0000	---	---	---	---	698	1	100.0	30	
05/06/23	04:00	16.6	17.4	16.6	90	0.0	1.6	NE	0.80	8.0	NNE	18.2	0.0	0.0	1014.2	0.00	0.0	0.000	0.000	23.0	58	0.0	0.0	0.00	0.0000	---	---	---	---	697	1	100.0	30	
05/06/23	04:30	16.2	16.7	16.2	91	0.0	4.8	W	2.41	12.9	WSW	16.8	0.0	0.0	1013.8	0.00	0.0	0.000	0.000	22.9	58	0.0	0.0	0.00	0.0000	---	---	---	---	695	1	100.0	30	
05/06/23	05:00	16.0	16.2	15.8	91	0.0	4.8	S	2.41	11.3	S	16.6	0.0	0.0	1013.6	0.00	0.0	0.000	0.000	22.8	58	0.0	0.0	0.00	0.0000	---	---	---	---	696	1	100.0	30	
05/06/23	05:30	15.9	16.1	15.8	91	0.0	3.2	SSW	1.61	9.7	SSE	16.9	0.0	0.0	1013.5	0.00	0.0	0.000	0.000	22.8	58	0.0	0.0	0.00	0.0000	---	---	---	---	696	1	100.0	30	
05/06/23	06:00	16.1	16.1	15.8	91	0.0	4.8	SSW	2.41	9.7	S	16.7	0.0	0.0	1013.2	0.00	0.0	0.000	0.000	22.7	58	0.0	0.0	0.00	0.0000	---	---	---	---	694	1	100.0	30	
05/06/23	06:30	16.2	16.2	16.1	90	0.0	4.8	SSW	2.41	11.3	WSW	16.8	0.0	0.0	1013.3	0.00	0.0	0.000	0.000	22.6	58	0.0	0.0	0.00	0.0000	---	---	---	---	697	1	100.0	30	
05/06/23	07:00	17.1	17.1	16.2	88	0.0	4.8	SSW	2.41	9.7	SSW	17.9	0.0	0.0	1013.0	0.00	0.0	0.000	0.000	22.6	58	0.0	0.0	0.00	0.0000	---	---	---	---	696	1	100.0	30	
05/06/23	07:30	19.0	19.1	17.2	81	0.0	3.2	S	1.61	8.0	S	20.3	0.0	0.0	1013.2	0.00	0.0	0.000	0.000	22.7	58	0.0	0.0	0.00	0.0000	---	---	---	---	697	1	100.0	30	
05/06/23	08:00	17.1	19.1	17.1	85	0.0	1.6	SSE	0.80	4.8	SSE	18.8	0.0	0.0	1013.7	0.00	0.0	0.000	0.000	22.6	58	0.0	0.0	0.00	0.0000	---	---	---	---	698	1	100.0	30	
05/06/23	08:30	16.7	17.2	16.7	89	0.0	0.0	SSE	0.00	3.2	SSE	23.5	0.0	0.0	1013.8	0.00	0.0	0.000	0.000	22.4	59	0.0	0.0	0.00	0.0000	---	---	---	---	700	1	100.0	30	
05/06/23	09:00	16.8	16.8	16.4	90	0.0	1.6	SSE	0.80	6.4	SSE	18.5	0.0	0.0	1013.8	0.00	0.0	0.000	0.000	22.2	59	0.0	0.0	0.00	0.0000	---	---	---	---	697	1	100.0	30	
05/06/23	09:30	18.2	18.2	16.8	87	0.0	1.6	S	0.80	8.0	S	20.0	0.0	0.0	1013.8	0.00	0.0	0.000	0.000	22.3	58	0.0	0.0	0.00	0.0000	---	---	---	---	696	1	100.0	30	
05/06/23	10:00	18.8	18.9	18.2	81	0.0	1.6	SSW	0.80	6.4	SSE	20.6	0.0	0.0	1013.7	0.00	0.0	0.000	0.000	22.4	58	0.0	0.0	0.00	0.0000	---	---	---	---	698	1	100.0	30	
05/06/23	10:30	19.4	19.4	18.6	78	0.0	1.6	SSW	0.80	6.4	SSW	21.3	0.0	0.0	1013.7	0.00	0.0	0.000	0.000	22.5	58	0.0	0.0	0.00	0.0000	---	---	---	---	696	1	100.0	30	
05/06/23	11:00	18.8	19.6	18.8	77	0.0	1.6	SSW	0.80	4.8	SSW	20.6	0.0	0.0	1014.2	0.00	0.0	0.000	0.000	22.3	59	0.0	0.0	0.00	0.0000	---	---	---	---	696	1	100.0	30	
05/06/23	11:30	18.7	18.9	18.6	80	0.0	0.0	NNE	0.00	4.8	NNE	24.7	0.0	0.0	1014.1	0.00	0.0	0.000	0.000	21.9	60	0.0	0.0	0.00	0.0000	---	---	---	---	695	1	100.0	30	
05/06/23	12:00	19.2	19.3	18.7	87	0.0	3.2	NNE	1.61	9.7	NE	20.5	0.0	0.0	1014.0	0.00	0.0	0.000	0.000	21.9	61	0.0	0.0	0.00	0.0000	---	---	---	---	696	1	100.0	30	
05/06/23	12:30	18.9	19.1	18.3	88	0.0	3.2	WNW	1.61	14.5	WSW	20.2	0.0	0.0	1014.2	0.00	0.0	0.000	0.000	22.1	60	0.0	0.0	0.00	0.0000	---	---	---	---	697	1	100.0	30	
05/06/23	13:00	19.7	19.8	18.9	85	0.0	4.8	W	2.41	12.9	WSW	20.8	0.0	0.0	1014.0	0.00	0.0	0.000	0.000	22.5	59	0.0	0.0	0.00	0.0000	---	---	---	---	699	1	100.0	30	
05/06/23	13:30	20.8	20.8	19.7	81	0.0	4.8	W	2.41	14.5	WSW	22.1	0.0	0.0	1013.6	0.00	0.0	0.000	0.000	22.9	59	0.0	0.0	0.00	0.0000	---	---	---	---	695	1	100.0	30	
05/06/23	14:00	21.4	21.7	20.7	75	0.0	4.8	W	2.41	14.5	WSW	22.8	0.0	0.0	1013.6	0.00	0.0	0.000	0.000	23.3	59	0.0	0.0	0.00	0.0000	---	---	---	---	697	1	100.0	30	
05/06/23	14:30	21.3	22.2	21.3	76	0.0	4.8	WNW	2.41	14.5	NNW	22.6	0.0	0.0	1013.2	0.00	0.0	0.000	0.000	23.4	59	0.0	0.0	0.00	0.0000	---	---	---	---	697	1	100.0	30	
05/06/23	15:00	20.3	21.2	20.3	84	0.0	3.2	WNW	1.61	11.3	WNW	21.7	0.0	0.0	1013.0	0.00	0.0	0.000	0.000	23.4	59	0.0	0.0	0.00	0.0000	---	---	---	---	698	1	100.0	30	
05/06/23	15:30	21.8	21.8	20.2	78	0.0	4.8	NE	2.41	17.7	WNW	23.2	0.0	0.0	1013.1	0.00	0.0	0.000	0.000	23.5	59	0.0	0.0	0.00	0.0000	---	---	---	---	694	1	100.0	30	
05/06/23	16:00	21.1	21.9	21.1	79	0.0	4.8	W	2.41	16.1	ENE	22.3	0.0	0.0	1013.1	0.00	0.0	0.000	0.000	23.6	59	0.0	0.0	0.00	0.0000	---	---	---	---	691	1	100.0	30	
05/06/23	16:30	22.4	22.5	21.0	72	0.0	6.4	NE	3.22	20.9	NNE	23.7	0.0	0.0	1012.9	0.00	0.0	0.000	0.000	23.8	59	0.0	0.0	0.00	0.0000	---	---	---	---	694	1	100.0	30	
05/06/23	17:00	21.7	22.4	21.6	75	0.0	6.4	NNE	3.22	20.9	NNE	22.8	0.0	0.0	1012.8	0.00	0.0	0.000	0.000	23.9	59	0.0	0.0	0.00	0.0000	---	---	---	---	693	1	100.0	30	
05/06/23	17:30	21.7	22.3	21.6	75	0.0	6.4	NE	3.22	19.3	NE	22.8	0.0	0.0	1012.8	0.00	0.0	0.000	0.000	24.3	58	0.0	0.0	0.00	0.0000	---	---	---	---	694	1	100.0	30	
05/06/23	18:00	21.2	22.3	21.2	78	0.0	6.4	NNE	3.22	17.7	NE	22.3	0.0	0.0	1012.9	0.00	0.0	0.000	0.000	24.4	58	0.0	0.0	0.00	0.0000	---	---	---	---	697	1	100.0	30	
05/06/23	18:30	21.2	21.2	20.8	78	0.0	4.8	NE	2.41	14.5	NE	22.4	0.0	0.0	1012.8	0.00	0.0	0.000	0.000	24.3	59	0.0	0.0	0.00	0.0000	---	---	---	---	696	1	100.0	30	
05/06/23	19:00	20.9	21.7	20.9	78	0.0	4.8	NNE	2.41	14.5	NNE	22.2	0.0	0.0	1012.8	0.00	0.0	0.000	0.000	24.4	58	0.0	0.0	0.00	0.0000	---	---	---	---	696	1	100.0	30	
05/06/23	19:30	19.9	20.9	19.9	83	0.0	3.2	NNE	1.61	12.9	NNE	21.3	0.0	0.0	1012.9	0.00	0.0	0.000	0.000	24.2	59	0.0	0.0	0.00	0.0000	---	---	---	---	698	1	100.0	30	
05/06/23	20:00	19.3	19.9	19.3	84	0.0	4.8	NE	2.41	11.3	NNE	20.4	0.0	0.0	1013.0	0.00	0.0	0.000	0.000	24.1	59	0.0	0.0	0.00	0.0000	---	---	---	---	696	1	100.0	30	
05/06/23	20:30	18.9	19.3	18.9	85	0.0	1.6	NE	0.80	4.8	NE	20.7	0.0	0.0	1012.9	0.00	0.0	0.000	0.000	23.8	59	0.0	0.0	0.00	0.0000	---	---	---	---	697	1	100.0	30	
05/06/23	21:00	18.3	18.9	18.3	87	0.0	0.0	NE	0.00	3.2	NE	24.5	0.0	0.0	1013.1	0.00	0.0	0.000	0.000	23.7	59	0.0	0.0	0.00	0.0000	---	---	---	---	697	1	100.0	30	
05/06/23	21:30	18.2	18.3	18.1	89	0.0	0.0	NE	0.00	3.2	NE	24.4	0.0	0.0	1013.3	0.00	0.0	0.000	0.000	23.5	59	0.0	0.0	0.00	0.0000	---	---	---	---	698	1	100.0	30	
05/06/23	22:00	18.1	18.2	18.1	89	0.0	0.0	NNE	0.00	0.0	NNE	24.3	0.0	0.0	1013.7	0.00	0.0	0.000	0.000	23.3	59	0.0	0.0	0.00	0.0000	---	---	---	---	696	1	100.0	30	
05/06/23	22:30	18.2	18.2	18.0	90	0.0	0.0	NNE	0.00	0.0	NNE	24.4	0.0	0.0	1013.7	0.00	0.0	0.000	0.000	23.2	59	0.0	0.0	0.00	0.0000	---	---	---	---	697	1	100.0	30	
05/06/23	23:00	18.3	18.3	18.1	90	0.0	0.0	NNE	0.00	0.0	NNE	24.5	0.0	0.0	1013.8	0.00	0.0	0.000	0.000	23.1	59	0.0	0.0	0.00	0.0000	---	---	---	---	697	1	100.0	30	
05/06/23	23:30	18.6	18.6	18.3	90	0.0	0.0	NNE	0.00	0.0	NNE	24.7	0.0	0.0	1013.7	0.00	0.0	0.000	0.000	23.0	60	0.0	0.0	0.00	0.0000	---	---	---	---	698	1	100.0	30	
06/06/23	00:00	18.3	18.6	18.3	90	0.0	0.0	NNE	0.00	0.0	NNE	24.5	0.0	0.0	1013.6	0.00	0.0	0.000	0.000	22.9	60	0.0	0.0	0.00	0.0000	---	---	---	---	698	1	100.0	30	
06/06/23	00:30	18.2	18.3	18.2	90	0.0	0.0	NNE	0.00	0.0	NNE	24.4	0.0	0.0	1013.4	0.00	0.0	0.000	0.000	22.9	60	0.0	0.0	0.00	0.0000	---	---	---	---	695	1	100.0	30	
06/06/23	01:00	18.3	18.3	18.2	87	0.0	0.0	NNE	0.00	0.0	NNE	24.5	0.0	0.0	1013.3	0.00	0.0	0.000	0.000	22.8	60	0.0	0.0	0.00	0.0000	---	---	---	---	699	1	100.0	30	
06/06/23	01:30	18.3	18.4	18.3	85	0.0	0.0	NNE	0.00	0.0	NNE	24.5	0.0	0.0	1013.5	0.00	0.0	0.000	0.000	22.7	60	0.0	0.0	0.00	0.0000	---	---	---	---	698	1	100.0	30	
06/06/23	02:00	18.4	18.4	18.2	84	0.0	0.0	NNE	0.00	0.0	NNE	24.6	0.0	0.0	1013.1	0.00	0.0	0.000	0.000	22.7	60	0.0	0.0	0.00	0.0000	---	---	---	---	699	1	100.0	30	
06/06/23	02:30	18.3	18.4	18.3	85	0.0	3.2	SSW	1.61	9.7	SW	19.6	0.0	0.0	1013.0	0.00	0.0	0.000	0.000	22.7	60	0.0	0.0	0.00	0.0000	---	---	---	---	697	1	100.0	30	
06/06/23	03:00	17.1	18.3	17.1	87	0.0	3.2	ENE	1.61	16.1	N	18.2	0.0	0.0	1013.9	0.00	0.0	0.000	0.000	22.6	60	0.0	0.0	0.00	0.0000	---	---	---	---	698	1	100.0	30	
06/06/23	03:30	16.3	17.1	15.7	91	0.0	4.8	NE	2.41	12.9	NNE	17.0	0.0	0.0	1013.3	0.00	0.0	0.000	0.000	22.5	60	0.0	0.0	0.00	0.0000	---	---	---	---	695	1	100.0	30	
06/06/23	04:00	16.2	16.6	16.1	92	0.0	1.6	NE	0.80	4.8	NE	17.8	0.0	0.0	1013.6	0.00	0.0	0.000	0.000	22.4	60	0.0	0.0	0.00	0.0000	---	---	---	---	697	1	100.0	30	
06/06/23	04:30	15.8	16.3	15.8	92	0.0	3.2	SW	1.61	11.3	WSW	16.8	0.0	0.0	1013.4	0.00	0.0	0.000	0.000	22.3	60	0.0	0.0	0.00	0.0000	---	---	---	---	697	1	100.0	30	
06/06/23	05:00	15.8	15.8	15.7	93	0.0	4.8	S	2.41	11.3	S	16.4	0.0	0.0	1013.2	0.00	0.0	0.000	0.000	22.2	60	0.0	0.0	0.00	0.0000	---	---	---	---	697	1	100.0	30	
06/06/23	05:30	15.9	16.1	15.8	93	0.0	4.8	S	2.41	17.7	S	16.5	0.0	0.0	1013.0	0.00	0.0	0.000	0.000	22.2	60	0.0	0.0	0.00	0.0000	---	---	---	---	696	1	100.0	30	
06/06/23	06:00	15.3	15.9	15.3	91	0.0	8.0	S	4.02	17.7	S	15.3	0.0	0.0	1013.1	0.00	0.0	0.000	0.000	22.1	60	0.0	0.0	0.00	0.0000	---	---	---	---	697	1	100.0	30	
06/06/23	06:30	16.3	16.3	15.4	82	0.0	9.7	S	4.83	19.3	S	16.2	0.0	0.0	1013.1	0.00	0.0	0.000	0.000	21.9	60	0.0	0.0	0.00	0.0000	---	---	---	---	699	1	100.0	30	
06/06/23	07:00	17.9	17.9	16.3	78	0.0	1.6	S	0.80	12.9	S	19.6	0.0	0.0	1013.1	0.00	0.0	0.000	0.000	21.9	60	0.0	0.0	0.00	0.0000	---	---	---	---	695	1	100.0	30	
06/06/23	07:30	18.8	18.9	17.9	81	0.0	0.0	ESE	0.00	4.8	E	24.8	0.0	0.0	1013.2	0.00	0.0	0.000	0.000	22.1	59	0.0	0.0	0.00	0.0000	---	---	---	---	697	1	100.0	30	
06/06/23	08:00	19.7	19.7	18.8	78	0.0	0.0	NNE	0.00	4.8	NNE	25.3	0.0	0.0	1013.5	0.00	0.0	0.000	0.000	22.5	59	0.0	0.0	0.00	0.0000	---	---	---	---	697	1	100.0	30	
06/06/23	08:30	20.2	20.3	19.4	76	0.0	1.6	SW	0.80	4.8	SW	22.0	0.0	0.0	1013.6	0.00	0.0	0.000	0.000	22.9	59	0.0	0.0	0.00	0.0000	---	---	---	---	695	1	100.0	30	
06/06/23	09:00	20.5	21.1	20.2	72	0.0	1.6	SW	0.80	6.4	SSE	22.4	0.0	0.0	1013.8	0.00	0.0	0.000	0.000	23.1	59	0.0	0.0	0.00	0.0000	---	---	---	---	698	1	100.0	30	
06/06/23	09:30	21.1	21.5	20.4	72	0.0	1.6	NW	0.80	6.4	NW	22.9	0.0	0.0	1013.8	0.00	0.0	0.000	0.000	23.2	59	0.0	0.0	0.00	0.0000	---	---	---	---	696	1	100.0	30	
06/06/23	10:00	21.7	22.2	21.1	67	0.0	1.6	WNW	0.80	8.0	WNW	23.6	0.0	0.0	1013.9	0.00	0.0	0.000	0.000	23.3	59	0.0	0.0	0.00	0.0000	---	---	---	---	693	1	100.0	30	
06/06/23	10:30	21.9	22.3	21.7	66	0.0	3.2	N	1.61	12.9	NNE	23.5	0.0	0.0	1013.9	0.00	0.0	0.000	0.000	23.4	59	0.0	0.0	0.00	0.0000	---	---	---	---	698	1	100.0	30	
06/06/23	11:00	22.3	23.0	21.7	66	0.0	3.2	NW	1.61	14.5	NNE	24.0	0.0	0.0	1014.0	0.00	0.0	0.000	0.000	23.6	59	0.0	0.0	0.00	0.0000	---	---	---	---	697	1	100.0	30	
06/06/23	11:30	22.6	22.9	21.7	67	0.0	3.2	NE	1.61	14.5	NE	24.3	0.0	0.0	1013.9	0.00	0.0	0.000	0.000	23.9	59	0.0	0.0	0.00	0.0000	---	---	---	---	691	1	100.0	30	
