Formato file originario: WDAT5 
Data conversione: 09/10/23 21:07
18/05/23	11:30	15.3	16.1	15.3	91	0.0	3.2	NW	1.61	11.3	WNW	16.2	0.0	0.0	1013.5	0.00	0.0	0.000	0.000	20.3	65	0.0	0.0	0.00	0.0000	---	---	---	---	603	1	100.0	30	
18/05/23	12:00	15.4	15.5	15.3	93	0.0	1.6	NW	0.80	12.9	WSW	17.0	0.0	0.0	1013.7	0.00	0.0	0.000	0.000	20.9	66	0.0	0.0	0.00	0.0000	---	---	---	---	317	1	100.0	30	
18/05/23	13:00	16.4	16.6	15.3	92	0.0	3.2	W	1.61	9.7	W	17.4	0.0	0.0	1013.4	0.00	0.0	0.000	0.000	20.8	69	0.0	0.0	0.00	0.0000	---	---	---	---	1229	1	100.0	30	
18/05/23	13:30	16.5	16.7	16.3	90	0.0	3.2	WNW	1.61	11.3	WSW	17.6	0.0	0.0	1013.3	0.00	0.0	0.000	0.000	20.8	68	0.0	0.0	0.00	0.0000	---	---	---	---	697	1	100.0	30	
18/05/23	14:00	18.3	18.3	16.5	83	0.0	3.2	WNW	1.61	11.3	W	19.6	0.0	0.0	1013.2	0.00	0.0	0.000	0.000	20.9	67	0.0	0.0	0.00	0.0000	---	---	---	---	698	1	100.0	30	
18/05/23	14:30	18.7	19.5	18.3	75	0.0	3.2	W	1.61	12.9	NW	19.9	0.0	0.0	1013.2	0.00	0.0	0.000	0.000	21.1	66	0.0	0.0	0.00	0.0000	---	---	---	---	695	1	100.0	30	
18/05/23	15:00	18.5	19.4	18.4	75	0.0	4.8	NNE	2.41	14.5	NE	19.4	0.0	0.0	1013.2	0.00	0.0	0.000	0.000	21.2	66	0.0	0.0	0.00	0.0000	---	---	---	---	697	1	100.0	30	
18/05/23	15:30	17.8	18.4	17.8	77	0.0	6.4	NE	3.22	16.1	N	18.4	0.0	0.0	1013.3	0.00	0.0	0.000	0.000	21.1	65	0.0	0.0	0.00	0.0000	---	---	---	---	698	1	100.0	30	
18/05/23	16:00	18.1	18.3	17.8	76	0.0	4.8	NNE	2.41	17.7	N	18.9	0.0	0.0	1013.2	0.00	0.0	0.000	0.000	20.9	65	0.0	0.0	0.00	0.0000	---	---	---	---	698	1	100.0	30	
18/05/23	16:30	17.9	18.4	17.9	77	0.0	6.4	NNE	3.22	16.1	NNE	18.5	0.0	0.0	1013.0	0.00	0.0	0.000	0.000	20.9	65	0.0	0.0	0.00	0.0000	---	---	---	---	697	1	100.0	30	
18/05/23	17:00	17.7	18.1	17.6	79	0.0	3.2	NE	1.61	11.3	N	18.8	0.0	0.0	1013.0	0.00	0.0	0.000	0.000	20.8	65	0.0	0.0	0.00	0.0000	---	---	---	---	698	1	100.0	30	
18/05/23	17:30	17.8	17.8	17.4	78	0.0	4.8	NE	2.41	14.5	NE	18.6	0.0	0.0	1013.2	0.00	0.0	0.000	0.000	20.8	64	0.0	0.0	0.00	0.0000	---	---	---	---	697	1	100.0	30	
18/05/23	18:00	17.9	18.1	17.7	77	0.0	1.6	ENE	0.80	8.0	NE	19.7	0.0	0.0	1012.9	0.00	0.0	0.000	0.000	20.8	64	0.0	0.0	0.00	0.0000	---	---	---	---	694	1	100.0	30	
18/05/23	18:30	17.4	18.0	17.4	79	0.0	1.6	NE	0.80	6.4	NE	19.2	0.0	0.0	1012.9	0.00	0.0	0.000	0.000	20.8	64	0.0	0.0	0.00	0.0000	---	---	---	---	697	1	100.0	30	
18/05/23	19:00	17.2	17.6	17.2	80	0.0	1.6	NNE	0.80	6.4	NNE	18.9	0.0	0.0	1013.1	0.00	0.0	0.000	0.000	20.7	64	0.0	0.0	0.00	0.0000	---	---	---	---	694	1	100.0	30	
18/05/23	19:30	17.1	17.2	17.0	82	0.0	3.2	NE	1.61	11.3	NE	18.2	0.0	0.0	1013.5	0.00	0.0	0.000	0.000	20.7	64	0.0	0.0	0.00	0.0000	---	---	---	---	696	1	100.0	30	
18/05/23	20:00	16.4	17.1	16.4	86	0.0	3.2	NE	1.61	8.0	NE	17.4	0.0	0.0	1013.6	0.00	0.0	0.000	0.000	20.6	64	0.0	0.0	0.00	0.0000	---	---	---	---	695	1	100.0	30	
18/05/23	20:30	15.8	16.4	15.8	88	0.0	0.0	NE	0.00	1.6	NE	22.9	0.0	0.0	1013.5	0.00	0.0	0.000	0.000	20.4	64	0.0	0.0	0.00	0.0000	---	---	---	---	697	1	100.0	30	
18/05/23	21:00	15.7	15.8	15.6	89	0.0	0.0	NE	0.00	1.6	NE	22.9	0.0	0.0	1013.6	0.00	0.0	0.000	0.000	20.3	64	0.0	0.0	0.00	0.0000	---	---	---	---	697	1	100.0	30	
18/05/23	21:30	15.7	15.7	15.6	90	0.0	0.0	NE	0.00	1.6	NE	22.9	0.0	0.0	1014.2	0.00	0.0	0.000	0.000	20.2	64	0.0	0.0	0.00	0.0000	---	---	---	---	696	1	100.0	30	
18/05/23	22:00	15.6	15.8	15.5	90	0.0	0.0	NE	0.00	3.2	NE	22.8	0.0	0.0	1014.5	0.00	0.0	0.000	0.000	20.1	64	0.0	0.0	0.00	0.0000	---	---	---	---	698	1	100.0	30	
18/05/23	22:30	15.2	15.6	15.2	90	0.0	0.0	SSW	0.00	4.8	NE	22.6	0.0	0.0	1014.4	0.00	0.0	0.000	0.000	20.1	64	0.0	0.0	0.00	0.0000	---	---	---	---	696	1	100.0	30	
18/05/23	23:00	15.3	15.3	15.2	90	0.0	0.0	SSW	0.00	4.8	SSW	22.6	0.0	0.0	1014.4	0.00	0.0	0.000	0.000	20.0	64	0.0	0.0	0.00	0.0000	---	---	---	---	697	1	100.0	30	
18/05/23	23:30	15.1	15.3	15.1	90	0.0	0.0	NNE	0.00	0.0	NNE	22.5	0.0	0.0	1014.3	0.00	0.0	0.000	0.000	19.9	64	0.0	0.0	0.00	0.0000	---	---	---	---	696	1	100.0	30	
19/05/23	00:00	15.2	15.2	15.1	89	0.0	0.0	SSW	0.00	3.2	SSW	22.5	0.0	0.0	1014.2	0.00	0.0	0.000	0.000	19.8	64	0.0	0.0	0.00	0.0000	---	---	---	---	699	1	100.0	30	
19/05/23	00:30	15.3	15.3	15.2	87	0.0	3.2	SSW	1.61	8.0	SSW	16.2	0.0	0.0	1013.9	0.00	0.0	0.000	0.000	19.7	64	0.0	0.0	0.00	0.0000	---	---	---	---	698	1	100.0	30	
19/05/23	01:00	15.4	15.4	15.3	87	0.0	3.2	SW	1.61	12.9	SW	16.3	0.0	0.0	1013.8	0.00	0.0	0.000	0.000	19.7	64	0.0	0.0	0.00	0.0000	---	---	---	---	697	1	100.0	30	
19/05/23	01:30	15.2	15.4	15.2	87	0.0	4.8	S	2.41	14.5	SSE	15.7	0.0	0.0	1013.7	0.00	0.0	0.000	0.000	19.7	64	0.0	0.0	0.00	0.0000	---	---	---	---	694	1	100.0	30	
19/05/23	02:00	14.9	15.2	14.9	87	0.0	4.8	S	2.41	12.9	S	15.4	0.0	0.0	1013.6	0.00	0.0	0.000	0.000	19.6	64	0.0	0.0	0.00	0.0000	---	---	---	---	695	1	100.0	30	
19/05/23	02:30	14.9	15.0	14.9	87	0.0	3.2	S	1.61	9.7	SSW	15.8	0.0	0.0	1013.6	0.00	0.0	0.000	0.000	19.6	64	0.0	0.0	0.00	0.0000	---	---	---	---	696	1	100.0	30	
19/05/23	03:00	14.9	15.1	14.8	88	0.0	3.2	SSW	1.61	6.4	SSW	15.8	0.0	0.0	1013.4	0.00	0.0	0.000	0.000	19.5	64	0.0	0.0	0.00	0.0000	---	---	---	---	697	1	100.0	30	
19/05/23	03:30	14.9	14.9	14.8	88	0.0	3.2	SSW	1.61	8.0	SSW	15.8	0.0	0.0	1013.4	0.00	0.0	0.000	0.000	19.4	64	0.0	0.0	0.00	0.0000	---	---	---	---	697	1	100.0	30	
19/05/23	04:00	14.9	15.0	14.8	88	0.0	3.2	SSW	1.61	8.0	S	15.8	0.0	0.0	1013.2	0.00	0.0	0.000	0.000	19.4	64	0.0	0.0	0.00	0.0000	---	---	---	---	698	1	100.0	30	
19/05/23	04:30	14.8	14.9	14.8	89	0.0	3.2	SSW	1.61	8.0	SSW	15.7	0.0	0.0	1013.1	0.00	0.0	0.000	0.000	19.3	64	0.0	0.0	0.00	0.0000	---	---	---	---	699	1	100.0	30	
19/05/23	05:00	14.8	14.8	14.8	88	0.0	4.8	SSW	2.41	11.3	SSE	15.2	0.0	0.0	1012.8	0.00	0.0	0.000	0.000	19.3	64	0.0	0.0	0.00	0.0000	---	---	---	---	698	1	100.0	30	
19/05/23	05:30	14.9	14.9	14.8	87	0.0	3.2	S	1.61	6.4	S	15.8	0.0	0.0	1012.7	0.00	0.0	0.000	0.000	19.2	64	0.0	0.0	0.00	0.0000	---	---	---	---	698	1	100.0	30	
19/05/23	06:00	15.2	15.2	14.9	86	0.0	3.2	S	1.61	6.4	SSE	16.1	0.0	0.0	1012.5	0.00	0.0	0.000	0.000	19.2	64	0.0	0.0	0.00	0.0000	---	---	---	---	695	1	100.0	30	
19/05/23	06:30	15.1	15.3	15.1	86	0.0	1.6	S	0.80	11.3	S	16.6	0.0	0.0	1012.7	0.00	0.0	0.000	0.000	19.2	63	0.0	0.0	0.00	0.0000	---	---	---	---	698	1	100.0	30	
19/05/23	07:00	14.7	15.1	14.7	89	0.0	6.4	S	3.22	16.1	SSE	14.8	0.0	0.0	1012.6	0.00	0.0	0.000	0.000	19.2	63	0.0	0.0	0.00	0.0000	---	---	---	---	695	1	100.0	30	
19/05/23	07:30	15.2	15.2	14.7	88	0.0	8.0	S	4.02	22.5	S	15.1	0.0	0.0	1012.5	0.00	0.0	0.000	0.000	19.1	63	0.0	0.0	0.00	0.0000	---	---	---	---	696	1	100.0	30	
19/05/23	08:00	15.9	15.9	15.2	85	0.0	6.4	S	3.22	19.3	S	16.2	0.0	0.0	1012.6	0.00	0.0	0.000	0.000	19.2	63	0.0	0.0	0.00	0.0000	---	---	---	---	695	1	100.0	30	
19/05/23	08:30	16.4	16.4	15.8	82	0.0	9.7	S	4.83	22.5	S	16.3	0.0	0.0	1012.9	0.00	0.0	0.000	0.000	19.3	63	0.0	0.0	0.00	0.0000	---	---	---	---	697	1	100.0	30	
19/05/23	09:00	16.5	16.6	16.4	80	0.0	4.8	S	2.41	16.1	SSE	17.2	0.0	0.0	1013.0	0.00	0.0	0.000	0.000	19.3	63	0.0	0.0	0.00	0.0000	---	---	---	---	697	1	100.0	30	
19/05/23	09:30	17.3	17.3	16.5	76	0.0	3.2	S	1.61	11.3	SSE	18.5	0.0	0.0	1013.0	0.00	0.0	0.000	0.000	19.4	63	0.0	0.0	0.00	0.0000	---	---	---	---	699	1	100.0	30	
19/05/23	10:00	17.4	17.5	17.2	79	0.0	0.0	S	0.00	3.2	S	24.0	0.0	0.0	1013.1	0.00	0.0	0.000	0.000	19.6	63	0.0	0.0	0.00	0.0000	---	---	---	---	698	1	100.0	30	
19/05/23	10:30	17.8	17.8	17.1	77	0.0	0.0	S	0.00	1.6	S	24.2	0.0	0.0	1012.7	0.00	0.0	0.000	0.000	19.8	63	0.0	0.0	0.00	0.0000	---	---	---	---	696	1	100.0	30	
19/05/23	11:00	18.5	18.5	17.8	79	0.0	1.6	WSW	0.80	4.8	SSW	20.3	0.0	0.0	1012.7	0.00	0.0	0.000	0.000	20.1	63	0.0	0.0	0.00	0.0000	---	---	---	---	696	1	100.0	30	
19/05/23	11:30	19.7	20.1	18.6	73	0.0	4.8	SW	2.41	12.9	SSW	20.8	0.0	0.0	1012.5	0.00	0.0	0.000	0.000	20.4	63	0.0	0.0	0.00	0.0000	---	---	---	---	698	1	100.0	30	
19/05/23	12:00	19.9	20.1	19.7	71	0.0	8.0	SSW	4.02	19.3	SSW	20.7	0.0	0.0	1012.2	0.00	0.0	0.000	0.000	20.6	63	0.0	0.0	0.00	0.0000	---	---	---	---	696	1	100.0	30	
19/05/23	12:30	21.4	21.7	19.9	62	0.0	6.4	S	3.22	14.5	SSE	22.5	0.0	0.0	1012.1	0.00	0.0	0.000	0.000	20.9	63	0.0	0.0	0.00	0.0000	---	---	---	---	695	1	100.0	30	
19/05/23	13:00	22.2	22.6	21.3	57	0.0	4.8	SSW	2.41	14.5	SSE	23.6	0.0	0.0	1011.9	0.00	0.0	0.000	0.000	21.2	62	0.0	0.0	0.00	0.0000	---	---	---	---	697	1	100.0	30	
19/05/23	13:30	22.3	22.4	21.2	66	0.0	6.4	SW	3.22	16.1	SSE	23.5	0.0	0.0	1011.4	0.00	0.0	0.000	0.000	21.4	62	0.0	0.0	0.00	0.0000	---	---	---	---	697	1	100.0	30	
19/05/23	14:00	22.2	23.1	21.9	62	0.0	6.4	SSW	3.22	16.1	SW	23.4	0.0	0.0	1011.2	0.00	0.0	0.000	0.000	21.7	62	0.0	0.0	0.00	0.0000	---	---	---	---	693	1	100.0	30	
19/05/23	14:30	21.6	22.4	21.4	62	0.0	4.8	SSW	2.41	12.9	WSW	22.9	0.0	0.0	1011.4	0.00	0.0	0.000	0.000	21.9	62	0.0	0.0	0.00	0.0000	---	---	---	---	698	1	100.0	30	
19/05/23	15:00	22.2	22.4	21.5	61	0.0	3.2	W	1.61	11.3	W	23.8	0.0	0.0	1010.9	0.00	0.0	0.000	0.000	22.1	62	0.0	0.0	0.00	0.0000	---	---	---	---	696	1	100.0	30	
19/05/23	15:30	21.9	22.8	21.9	63	0.0	3.2	W	1.61	9.7	W	23.5	0.0	0.0	1010.5	0.00	0.0	0.000	0.000	22.2	61	0.0	0.0	0.00	0.0000	---	---	---	---	697	1	100.0	30	
19/05/23	16:00	22.3	22.4	21.9	64	0.0	1.6	W	0.80	9.7	W	24.2	0.0	0.0	1010.5	0.00	0.0	0.000	0.000	22.2	61	0.0	0.0	0.00	0.0000	---	---	---	---	693	1	100.0	30	
19/05/23	16:30	20.8	22.3	20.8	70	0.0	8.0	NE	4.02	19.3	NE	21.7	0.0	0.0	1010.5	0.00	0.0	0.000	0.000	22.2	61	0.0	0.0	0.00	0.0000	---	---	---	---	696	1	100.0	30	
19/05/23	17:00	20.4	20.8	20.4	70	0.0	3.2	NNE	1.61	14.5	NE	21.9	0.0	0.0	1010.3	0.00	0.0	0.000	0.000	22.0	62	0.0	0.0	0.00	0.0000	---	---	---	---	695	1	100.0	30	
19/05/23	17:30	20.2	20.6	20.2	75	0.0	1.6	E	0.80	6.4	NE	22.0	0.0	0.0	1010.1	0.00	0.0	0.000	0.000	21.8	62	0.0	0.0	0.00	0.0000	---	---	---	---	696	1	100.0	30	
19/05/23	18:00	19.9	20.3	19.8	77	0.0	1.6	ENE	0.80	6.4	ENE	21.8	0.0	0.0	1009.9	0.00	0.0	0.000	0.000	21.7	62	0.0	0.0	0.00	0.0000	---	---	---	---	697	1	100.0	30	
19/05/23	18:30	19.4	19.9	19.4	80	0.0	1.6	ENE	0.80	4.8	ENE	21.3	0.0	0.0	1009.3	0.00	0.0	0.000	0.000	21.6	62	0.0	0.0	0.00	0.0000	---	---	---	---	697	1	100.0	30	
19/05/23	19:00	19.6	19.6	19.1	75	0.0	0.0	ESE	0.00	3.2	ESE	25.3	0.0	0.0	1009.1	0.00	0.0	0.000	0.000	21.4	62	0.0	0.0	0.00	0.0000	---	---	---	---	692	1	100.0	30	
19/05/23	19:30	18.9	19.6	18.9	79	0.0	3.2	SSW	1.61	6.4	SSE	20.2	0.0	0.0	1008.4	0.00	0.0	0.000	0.000	21.3	62	0.0	0.0	0.00	0.0000	---	---	---	---	698	1	100.0	30	
19/05/23	20:00	18.3	18.9	18.3	83	0.0	0.0	W	0.00	4.8	W	24.5	0.0	0.0	1008.2	0.00	0.0	0.000	0.000	21.2	62	0.0	0.0	0.00	0.0000	---	---	---	---	695	1	100.0	30	
19/05/23	20:30	18.2	18.4	18.1	84	0.0	1.6	SW	0.80	6.4	SW	19.9	0.0	0.0	1008.5	0.00	0.0	0.000	0.000	21.1	62	0.0	0.0	0.00	0.0000	---	---	---	---	698	1	100.0	30	
19/05/23	21:00	18.7	18.7	18.2	79	0.0	4.8	S	2.41	12.9	SSE	19.6	0.0	0.0	1008.3	0.00	0.0	0.000	0.000	21.0	62	0.0	0.0	0.00	0.0000	---	---	---	---	697	1	100.0	30	
19/05/23	21:30	18.8	18.9	18.7	74	0.0	4.8	S	2.41	12.9	S	19.8	0.0	0.0	1008.4	0.00	0.0	0.000	0.000	20.9	62	0.0	0.0	0.00	0.0000	---	---	---	---	699	1	100.0	30	
19/05/23	22:00	18.7	18.8	18.6	73	0.0	4.8	SSW	2.41	14.5	S	19.6	0.0	0.0	1008.5	0.00	0.0	0.000	0.000	20.8	62	0.0	0.0	0.00	0.0000	---	---	---	---	697	1	100.0	30	
19/05/23	22:30	18.4	18.7	18.3	76	0.0	8.0	SSW	4.02	24.1	SSW	18.9	0.0	0.0	1008.5	0.00	0.0	0.000	0.000	20.8	62	0.0	0.0	0.00	0.0000	---	---	---	---	698	1	100.0	30	
19/05/23	23:00	17.8	18.4	17.8	78	0.0	6.4	S	3.22	17.7	S	18.4	0.0	0.0	1009.0	0.00	0.0	0.000	0.000	20.7	62	0.0	0.0	0.00	0.0000	---	---	---	---	698	1	100.0	30	
19/05/23	23:30	17.5	17.8	17.5	79	0.0	9.7	S	4.83	25.7	SSE	17.6	0.0	0.0	1008.8	0.00	0.0	0.000	0.000	20.6	62	0.0	0.0	0.00	0.0000	---	---	---	---	697	1	100.0	30	
20/05/23	00:00	17.2	17.6	17.2	80	0.0	9.7	S	4.83	27.4	SSE	17.3	0.0	0.0	1008.6	0.00	0.0	0.000	0.000	20.6	62	0.0	0.0	0.00	0.0000	---	---	---	---	698	1	100.0	30	
20/05/23	00:30	17.0	17.3	17.0	80	0.0	9.7	S	4.83	24.1	SSE	17.0	0.0	0.0	1008.6	0.00	0.0	0.000	0.000	20.4	62	0.0	0.0	0.00	0.0000	---	---	---	---	696	1	100.0	30	
20/05/23	01:00	16.8	17.0	16.6	80	0.0	8.0	S	4.02	25.7	S	17.0	0.0	0.0	1008.5	0.00	0.0	0.000	0.000	20.4	62	0.0	0.0	0.00	0.0000	---	---	---	---	697	1	100.0	30	
20/05/23	01:30	16.8	16.9	16.8	80	0.0	9.7	SSW	4.83	25.7	SSE	16.8	0.0	0.0	1008.4	0.00	0.0	0.000	0.000	20.3	62	0.0	0.0	0.00	0.0000	---	---	---	---	694	1	100.0	30	
20/05/23	02:00	16.3	16.8	16.2	83	0.0	8.0	SSW	4.02	24.1	SSE	16.4	0.0	0.0	1008.0	0.00	0.0	0.000	0.000	20.2	62	0.0	0.0	0.00	0.0000	---	---	---	---	697	1	100.0	30	
20/05/23	02:30	16.3	16.3	16.2	82	0.0	8.0	SSW	4.02	17.7	SW	16.4	0.0	0.0	1007.5	0.00	0.0	0.000	0.000	20.2	62	0.0	0.0	0.00	0.0000	---	---	---	---	696	1	100.0	30	
20/05/23	03:00	16.2	16.3	16.2	82	0.0	11.3	SSW	5.63	27.4	S	15.9	0.0	0.0	1006.2	0.00	0.0	0.000	0.000	20.1	62	0.0	0.0	0.00	0.0000	---	---	---	---	697	1	100.0	30	
20/05/23	03:30	15.8	16.2	15.8	82	0.0	14.5	SSW	7.24	35.4	W	15.2	0.0	0.0	1006.0	0.00	0.0	0.000	0.000	20.0	62	0.0	0.0	0.00	0.0000	---	---	---	---	696	1	100.0	30	
20/05/23	04:00	15.7	15.9	15.7	82	0.0	14.5	SW	7.24	37.0	SW	15.0	0.0	0.0	1005.9	0.00	0.0	0.000	0.000	19.9	62	0.0	0.0	0.00	0.0000	---	---	---	---	696	1	100.0	30	
20/05/23	04:30	16.0	16.1	15.7	81	0.0	12.9	SSW	6.44	29.0	SSW	15.5	0.0	0.0	1006.3	0.00	0.0	0.000	0.000	19.8	62	0.0	0.0	0.00	0.0000	---	---	---	---	698	1	100.0	30	
20/05/23	05:00	16.2	16.3	16.0	80	0.0	6.4	S	3.22	17.7	SSE	16.6	0.0	0.0	1006.2	0.00	0.0	0.000	0.000	19.8	62	0.0	0.0	0.00	0.0000	---	---	---	---	695	1	100.0	30	
20/05/23	05:30	15.6	16.2	15.6	83	0.0	8.0	S	4.02	17.7	S	15.5	0.0	0.0	1006.1	0.00	0.0	0.000	0.000	19.8	62	0.0	0.0	0.00	0.0000	---	---	---	---	700	1	100.0	30	
20/05/23	06:00	15.6	15.6	15.4	84	0.0	8.0	S	4.02	17.7	SSE	15.5	0.0	0.0	1005.9	0.00	0.0	0.000	0.000	19.7	62	0.0	0.0	0.00	0.0000	---	---	---	---	697	1	100.0	30	
20/05/23	06:30	15.6	15.7	15.5	83	0.0	9.7	SSW	4.83	20.9	SW	15.3	0.0	0.0	1005.9	0.00	0.0	0.000	0.000	19.7	62	0.0	0.0	0.00	0.0000	---	---	---	---	693	1	100.0	30	
20/05/23	07:00	15.2	15.6	15.2	85	0.0	9.7	SSW	4.83	24.1	SSE	14.9	0.0	0.0	1005.7	0.00	0.0	0.000	0.000	19.6	62	0.0	0.0	0.00	0.0000	---	---	---	---	697	1	100.0	30	
20/05/23	07:30	15.6	15.6	15.2	83	0.0	11.3	SSW	5.63	27.4	SSW	15.2	0.0	0.0	1005.1	0.00	0.0	0.000	0.000	19.6	62	0.0	0.0	0.00	0.0000	---	---	---	---	697	1	100.0	30	
20/05/23	08:00	15.9	15.9	15.6	82	0.0	11.3	SSW	5.63	27.4	WSW	15.5	0.0	0.0	1005.4	0.00	0.0	0.000	0.000	19.6	62	0.0	0.0	0.00	0.0000	---	---	---	---	696	1	100.0	30	
20/05/23	08:30	16.0	16.2	15.9	81	0.0	11.3	SSW	5.63	27.4	SSE	15.7	0.0	0.0	1005.0	0.00	0.0	0.000	0.000	19.5	62	0.0	0.0	0.00	0.0000	---	---	---	---	698	1	100.0	30	
20/05/23	09:00	16.1	16.1	15.9	81	0.0	11.3	S	5.63	30.6	SSW	15.7	0.0	0.0	1004.3	0.00	0.0	0.000	0.000	19.4	62	0.0	0.0	0.00	0.0000	---	---	---	---	696	1	100.0	30	
20/05/23	09:30	15.7	16.1	15.7	84	0.0	14.5	SSW	7.24	37.0	S	14.9	0.0	0.0	1004.1	0.00	0.0	0.000	0.000	19.4	62	0.0	0.0	0.00	0.0000	---	---	---	---	696	1	100.0	30	
20/05/23	10:00	16.3	16.3	15.7	82	0.0	11.3	SSW	5.63	30.6	SW	16.0	0.0	0.0	1004.4	0.00	0.0	0.000	0.000	19.4	62	0.0	0.0	0.00	0.0000	---	---	---	---	698	1	100.0	30	
20/05/23	10:30	18.2	18.2	16.3	76	0.0	9.7	SSW	4.83	24.1	S	18.4	0.0	0.0	1004.3	0.00	0.0	0.000	0.000	19.6	62	0.0	0.0	0.00	0.0000	---	---	---	---	694	1	100.0	30	
20/05/23	11:00	19.0	19.3	18.2	75	0.0	12.9	S	6.44	32.2	SSW	19.2	0.0	0.0	1003.7	0.00	0.0	0.000	0.000	19.8	62	0.0	0.0	0.00	0.0000	---	---	---	---	698	1	100.0	30	
20/05/23	11:30	18.8	19.0	18.7	73	0.0	16.1	SSW	8.05	41.8	WSW	18.7	0.0	0.0	1003.0	0.00	0.0	0.000	0.000	19.9	62	0.0	0.0	0.00	0.0000	---	---	---	---	697	1	100.0	30	
20/05/23	12:00	20.0	20.1	18.8	65	0.0	17.7	SSW	8.85	40.2	SSE	20.1	0.0	0.0	1003.4	0.00	0.0	0.000	0.000	20.1	62	0.0	0.0	0.00	0.0000	---	---	---	---	697	1	100.0	30	
20/05/23	12:30	20.2	20.2	20.0	63	0.0	9.7	SSW	4.83	27.4	SSW	20.8	0.0	0.0	1003.3	0.00	0.0	0.000	0.000	20.1	62	0.0	0.0	0.00	0.0000	---	---	---	---	697	1	100.0	30	
20/05/23	13:00	20.6	20.6	20.2	58	0.0	9.7	SSW	4.83	30.6	SSE	21.3	0.0	0.0	1003.8	0.00	0.0	0.000	0.000	20.1	62	0.0	0.0	0.00	0.0000	---	---	---	---	698	1	100.0	30	
20/05/23	13:30	20.1	20.6	20.1	62	0.0	11.3	SSW	5.63	22.5	SSW	20.6	0.0	0.0	1004.7	0.00	0.0	0.000	0.000	20.1	61	0.0	0.0	0.00	0.0000	---	---	---	---	696	1	100.0	30	
20/05/23	14:00	19.8	20.1	19.6	76	0.0	3.2	SW	1.61	19.3	WSW	21.2	0.0	0.0	1005.4	0.00	0.0	0.000	0.000	20.2	61	0.0	0.0	0.00	0.0000	---	---	---	---	697	1	100.0	30	
20/05/23	14:30	19.4	19.9	19.4	78	0.0	1.6	SW	0.80	11.3	S	21.3	0.0	0.0	1005.6	0.00	0.0	0.000	0.000	20.2	61	0.0	0.0	0.00	0.0000	---	---	---	---	695	1	100.0	30	
20/05/23	15:00	18.8	19.4	18.7	81	0.0	6.4	SW	3.22	16.1	SW	19.5	0.0	0.0	1006.2	0.00	0.0	0.000	0.000	20.2	61	0.0	0.0	0.00	0.0000	---	---	---	---	698	1	100.0	30	
20/05/23	15:30	18.3	18.8	18.1	76	0.0	6.4	SW	3.22	19.3	W	19.0	0.0	0.0	1006.0	0.00	0.0	0.000	0.000	20.2	61	0.0	0.0	0.00	0.0000	---	---	---	---	695	1	100.0	30	
20/05/23	16:00	17.6	18.3	17.6	80	0.0	6.4	SSW	3.22	17.7	SW	18.1	0.0	0.0	1005.9	0.00	0.0	0.000	0.000	20.2	61	0.0	0.0	0.00	0.0000	---	---	---	---	696	1	100.0	30	
20/05/23	16:30	17.5	17.6	17.1	79	0.0	8.0	SSW	4.02	32.2	SW	17.8	0.0	0.0	1005.6	0.00	0.0	0.000	0.000	20.1	62	0.0	0.0	0.00	0.0000	---	---	---	---	698	1	100.0	30	
20/05/23	17:00	17.2	17.7	17.2	81	0.0	12.9	SSW	6.44	32.2	S	17.0	0.0	0.0	1005.6	0.00	0.0	0.000	0.000	20.1	62	0.0	0.0	0.00	0.0000	---	---	---	---	696	1	100.0	30	
20/05/23	17:30	16.6	17.2	16.6	85	0.0	9.7	SW	4.83	20.9	S	16.5	0.0	0.0	1005.8	0.00	0.0	0.000	0.000	20.0	62	0.0	0.0	0.00	0.0000	---	---	---	---	697	1	100.0	30	
20/05/23	18:00	16.8	16.8	16.4	81	0.0	11.3	SSW	5.63	25.7	SW	16.6	0.0	0.0	1005.8	0.00	0.0	0.000	0.000	19.9	62	0.0	0.0	0.00	0.0000	---	---	---	---	697	1	100.0	30	
20/05/23	18:30	16.9	17.0	16.8	78	0.0	9.7	SSW	4.83	27.4	S	17.0	0.0	0.0	1005.8	0.00	0.0	0.000	0.000	19.8	62	0.0	0.0	0.00	0.0000	---	---	---	---	696	1	100.0	30	
20/05/23	19:00	17.4	17.4	16.9	73	0.0	11.3	SW	5.63	29.0	SSW	17.3	0.0	0.0	1005.8	0.00	0.0	0.000	0.000	19.8	62	0.0	0.0	0.00	0.0000	---	---	---	---	697	1	100.0	30	
20/05/23	19:30	17.6	17.6	17.4	71	0.0	11.3	SW	5.63	29.0	W	17.5	0.0	0.0	1006.0	0.00	0.0	0.000	0.000	19.7	62	0.0	0.0	0.00	0.0000	---	---	---	---	697	1	100.0	30	
20/05/23	20:00	16.9	17.6	16.9	74	0.0	9.7	SW	4.83	24.1	WSW	16.9	0.0	0.0	1006.3	0.00	0.0	0.000	0.000	19.7	62	0.0	0.0	0.00	0.0000	---	---	---	---	697	1	100.0	30	
20/05/23	20:30	17.4	17.4	16.9	70	0.0	8.0	SW	4.02	25.7	SW	17.7	0.0	0.0	1006.2	0.00	0.0	0.000	0.000	19.7	62	0.0	0.0	0.00	0.0000	---	---	---	---	698	1	100.0	30	
20/05/23	21:00	16.9	17.4	16.9	74	0.0	6.4	SSW	3.22	25.7	SW	17.3	0.0	0.0	1006.6	0.00	0.0	0.000	0.000	19.6	62	0.0	0.0	0.00	0.0000	---	---	---	---	697	1	100.0	30	
20/05/23	21:30	16.8	16.9	16.6	73	0.0	8.0	SSW	4.02	17.7	SSW	17.0	0.0	0.0	1006.8	0.00	0.0	0.000	0.000	19.6	62	0.0	0.0	0.00	0.0000	---	---	---	---	696	1	100.0	30	
20/05/23	22:00	17.5	17.6	16.8	68	0.0	8.0	SW	4.02	17.7	SSW	17.8	0.0	0.0	1007.0	0.00	0.0	0.000	0.000	19.5	61	0.0	0.0	0.00	0.0000	---	---	---	---	695	1	100.0	30	
20/05/23	22:30	17.8	17.8	17.4	66	0.0	11.3	SSW	5.63	24.1	SSW	17.9	0.0	0.0	1007.0	0.00	0.0	0.000	0.000	19.4	61	0.0	0.0	0.00	0.0000	---	---	---	---	696	1	100.0	30	
20/05/23	23:00	17.7	17.8	17.7	66	0.0	9.7	SSW	4.83	24.1	WSW	17.8	0.0	0.0	1006.9	0.00	0.0	0.000	0.000	19.5	61	0.0	0.0	0.00	0.0000	---	---	---	---	698	1	100.0	30	
20/05/23	23:30	17.7	17.7	17.4	65	0.0	8.0	SSW	4.02	20.9	SW	18.0	0.0	0.0	1006.9	0.00	0.0	0.000	0.000	19.4	61	0.0	0.0	0.00	0.0000	---	---	---	---	697	1	100.0	30	
21/05/23	00:00	17.6	17.8	17.6	65	0.0	6.4	SW	3.22	19.3	SSE	18.2	0.0	0.0	1007.0	0.00	0.0	0.000	0.000	19.4	61	0.0	0.0	0.00	0.0000	---	---	---	---	698	1	100.0	30	
21/05/23	00:30	17.5	17.6	17.3	66	0.0	6.4	SSW	3.22	24.1	SW	18.0	0.0	0.0	1007.0	0.00	0.0	0.000	0.000	19.4	61	0.0	0.0	0.00	0.0000	---	---	---	---	695	1	100.0	30	
21/05/23	01:00	17.3	17.6	17.3	66	0.0	6.4	SSW	3.22	16.1	S	17.8	0.0	0.0	1006.7	0.00	0.0	0.000	0.000	19.3	61	0.0	0.0	0.00	0.0000	---	---	---	---	696	1	100.0	30	
21/05/23	01:30	17.1	17.4	17.1	68	0.0	4.8	SSW	2.41	16.1	WSW	17.9	0.0	0.0	1006.6	0.00	0.0	0.000	0.000	19.3	61	0.0	0.0	0.00	0.0000	---	---	---	---	698	1	100.0	30	
21/05/23	02:00	16.7	17.2	16.7	71	0.0	6.4	SSW	3.22	17.7	WSW	17.1	0.0	0.0	1006.6	0.00	0.0	0.000	0.000	19.3	61	0.0	0.0	0.00	0.0000	---	---	---	---	699	1	100.0	30	
21/05/23	02:30	16.6	16.7	16.4	71	0.0	6.4	S	3.22	17.7	S	16.9	0.0	0.0	1006.5	0.00	0.0	0.000	0.000	19.2	61	0.0	0.0	0.00	0.0000	---	---	---	---	694	1	100.0	30	
21/05/23	03:00	15.4	16.7	15.4	78	0.0	4.8	SSW	2.41	17.7	SSE	15.9	0.0	0.0	1006.5	0.00	0.0	0.000	0.000	19.2	61	0.0	0.0	0.00	0.0000	---	---	---	---	697	1	100.0	30	
21/05/23	03:30	14.6	15.4	14.6	84	0.0	4.8	SSW	2.41	14.5	S	15.0	0.0	0.0	1006.2	0.00	0.0	0.000	0.000	19.2	61	0.0	0.0	0.00	0.0000	---	---	---	---	696	1	100.0	30	
21/05/23	04:00	14.6	14.6	14.4	84	0.0	6.4	SSW	3.22	16.1	SSW	14.7	0.0	0.0	1006.0	0.00	0.0	0.000	0.000	19.2	61	0.0	0.0	0.00	0.0000	---	---	---	---	698	1	100.0	30	
21/05/23	04:30	15.0	15.2	14.6	82	0.0	8.0	SSW	4.02	19.3	WSW	14.9	0.0	0.0	1005.9	0.00	0.0	0.000	0.000	19.1	61	0.0	0.0	0.00	0.0000	---	---	---	---	695	1	100.0	30	
21/05/23	05:00	14.7	15.0	14.7	84	0.0	6.4	SSW	3.22	17.7	SSW	14.8	0.0	0.0	1005.9	0.00	0.0	0.000	0.000	19.1	61	0.0	0.0	0.00	0.0000	---	---	---	---	695	1	100.0	30	
21/05/23	05:30	14.5	14.8	14.4	85	0.0	8.0	S	4.02	19.3	SSE	14.3	0.0	0.0	1005.8	0.00	0.0	0.000	0.000	18.9	61	0.0	0.0	0.00	0.0000	---	---	---	---	697	1	100.0	30	
21/05/23	06:00	14.8	14.8	14.5	83	0.0	8.0	S	4.02	17.7	SSE	14.6	0.0	0.0	1006.0	0.00	0.0	0.000	0.000	18.9	61	0.0	0.0	0.00	0.0000	---	---	---	---	697	1	100.0	30	
21/05/23	06:30	14.8	14.9	14.8	83	0.0	6.4	SSW	3.22	17.7	S	14.9	0.0	0.0	1006.1	0.00	0.0	0.000	0.000	18.9	61	0.0	0.0	0.00	0.0000	---	---	---	---	698	1	100.0	30	
21/05/23	07:00	15.1	15.1	14.8	82	0.0	6.4	S	3.22	14.5	SSW	15.2	0.0	0.0	1006.3	0.00	0.0	0.000	0.000	18.9	61	0.0	0.0	0.00	0.0000	---	---	---	---	695	1	100.0	30	
21/05/23	07:30	16.1	16.1	15.1	75	0.0	6.4	SSW	3.22	19.3	SSE	16.4	0.0	0.0	1006.4	0.00	0.0	0.000	0.000	18.9	61	0.0	0.0	0.00	0.0000	---	---	---	---	698	1	100.0	30	
21/05/23	08:00	17.0	17.1	16.1	74	0.0	3.2	SSW	1.61	11.3	WSW	18.1	0.0	0.0	1006.1	0.00	0.0	0.000	0.000	18.9	61	0.0	0.0	0.00	0.0000	---	---	---	---	697	1	100.0	30	
21/05/23	08:30	17.5	17.6	16.9	74	0.0	3.2	SSW	1.61	8.0	SW	18.7	0.0	0.0	1006.0	0.00	0.0	0.000	0.000	19.0	61	0.0	0.0	0.00	0.0000	---	---	---	---	698	1	100.0	30	
21/05/23	09:00	17.9	17.9	17.5	68	0.0	4.8	S	2.41	14.5	S	18.7	0.0	0.0	1006.1	0.00	0.0	0.000	0.000	19.1	61	0.0	0.0	0.00	0.0000	---	---	---	---	697	1	100.0	30	
21/05/23	09:30	19.2	19.2	17.8	66	0.0	3.2	S	1.61	11.3	SSW	20.5	0.0	0.0	1006.1	0.00	0.0	0.000	0.000	19.2	61	0.0	0.0	0.00	0.0000	---	---	---	---	697	1	100.0	30	
21/05/23	10:00	20.5	20.5	19.1	63	0.0	6.4	SW	3.22	12.9	SW	21.5	0.0	0.0	1006.2	0.00	0.0	0.000	0.000	19.4	61	0.0	0.0	0.00	0.0000	---	---	---	---	696	1	100.0	30	
21/05/23	10:30	21.9	21.9	20.4	58	0.0	4.8	S	2.41	14.5	SSE	23.3	0.0	0.0	1005.9	0.00	0.0	0.000	0.000	19.6	61	0.0	0.0	0.00	0.0000	---	---	---	---	696	1	100.0	30	
21/05/23	11:00	21.8	21.9	20.6	57	0.0	3.2	NE	1.61	8.0	NE	23.4	0.0	0.0	1006.1	0.00	0.0	0.000	0.000	19.7	60	0.0	0.0	0.00	0.0000	---	---	---	---	694	1	100.0	30	
21/05/23	11:30	21.8	22.4	21.6	57	0.0	3.2	NNE	1.61	11.3	NNE	23.4	0.0	0.0	1006.2	0.00	0.0	0.000	0.000	19.8	60	0.0	0.0	0.00	0.0000	---	---	---	---	696	1	100.0	30	
21/05/23	12:00	21.9	23.2	21.8	58	0.0	1.6	NE	0.80	8.0	N	23.9	0.0	0.0	1006.2	0.00	0.0	0.000	0.000	20.0	60	0.0	0.0	0.00	0.0000	---	---	---	---	696	1	100.0	30	
21/05/23	12:30	22.8	23.2	22.0	56	0.0	4.8	NE	2.41	14.5	NE	24.3	0.0	0.0	1006.4	0.00	0.0	0.000	0.000	20.1	60	0.0	0.0	0.00	0.0000	---	---	---	---	693	1	100.0	30	
21/05/23	13:00	22.6	24.2	22.5	57	0.0	4.8	NNE	2.41	16.1	NNE	24.0	0.0	0.0	1006.3	0.00	0.0	0.000	0.000	20.3	60	0.0	0.0	0.00	0.0000	---	---	---	---	696	1	100.0	30	
21/05/23	13:30	23.6	23.8	22.4	54	0.0	4.8	NE	2.41	17.7	NE	25.2	0.0	0.0	1006.2	0.00	0.0	0.000	0.000	20.5	60	0.0	0.0	0.00	0.0000	---	---	---	---	696	1	100.0	30	
21/05/23	14:00	21.9	24.2	21.9	60	0.0	4.8	NE	2.41	16.1	NNE	23.3	0.0	0.0	1006.0	0.00	0.0	0.000	0.000	20.6	60	0.0	0.0	0.00	0.0000	---	---	---	---	696	1	100.0	30	
21/05/23	14:30	16.0	21.9	16.0	79	0.0	9.7	NE	4.83	40.2	S	15.8	0.0	0.0	1007.0	0.00	0.0	0.000	0.000	20.5	60	0.0	0.0	0.00	0.0000	---	---	---	---	695	1	100.0	30	
21/05/23	15:00	15.7	15.9	15.1	90	0.0	3.2	ESE	1.61	12.9	SE	16.6	0.0	0.0	1006.6	0.00	0.0	0.000	0.000	20.3	61	0.0	0.0	0.00	0.0000	---	---	---	---	698	1	100.0	30	
21/05/23	15:30	18.9	18.9	15.7	85	0.0	3.2	E	1.61	11.3	E	20.2	0.0	0.0	1006.3	0.00	0.0	0.000	0.000	20.7	61	0.0	0.0	0.00	0.0000	---	---	---	---	697	1	100.0	30	
21/05/23	16:00	17.9	19.6	17.9	84	0.0	3.2	NNE	1.61	12.9	SSW	19.1	0.0	0.0	1006.9	0.00	0.0	0.000	0.000	20.7	61	0.0	0.0	0.00	0.0000	---	---	---	---	696	1	100.0	30	
21/05/23	16:30	17.6	17.9	17.2	85	0.0	4.8	NE	2.41	16.1	ENE	18.4	0.0	0.0	1006.9	0.00	0.0	0.000	0.000	20.7	61	0.0	0.0	0.00	0.0000	---	---	---	---	694	1	100.0	30	
21/05/23	17:00	19.1	19.1	17.6	79	0.0	4.8	NE	2.41	16.1	N	20.1	0.0	0.0	1006.8	0.00	0.0	0.000	0.000	21.1	61	0.0	0.0	0.00	0.0000	---	---	---	---	698	1	100.0	30	
21/05/23	17:30	18.7	19.6	18.7	77	0.0	4.8	ENE	2.41	16.1	E	19.6	0.0	0.0	1007.2	0.00	0.0	0.000	0.000	21.4	60	0.0	0.0	0.00	0.0000	---	---	---	---	697	1	100.0	30	
21/05/23	18:00	17.6	18.7	17.6	84	0.0	4.8	NE	2.41	19.3	NE	18.4	0.0	0.0	1007.1	0.00	0.0	0.000	0.000	21.2	61	0.0	0.0	0.00	0.0000	---	---	---	---	696	1	100.0	30	
21/05/23	18:30	17.1	17.6	17.1	88	0.0	3.2	NE	1.61	8.0	NNE	18.2	0.0	0.0	1007.1	0.00	0.0	0.000	0.000	20.9	61	0.0	0.0	0.00	0.0000	---	---	---	---	697	1	100.0	30	
21/05/23	19:00	17.7	17.7	16.9	83	0.0	1.6	E	0.80	6.4	E	19.4	0.0	0.0	1007.2	0.00	0.0	0.000	0.000	20.8	61	0.0	0.0	0.00	0.0000	---	---	---	---	696	1	100.0	30	
21/05/23	19:30	16.9	17.7	16.9	89	0.0	3.2	SW	1.61	6.4	W	18.0	0.0	0.0	1007.6	0.00	0.0	0.000	0.000	20.7	61	0.0	0.0	0.00	0.0000	---	---	---	---	697	1	100.0	30	
21/05/23	20:00	16.4	16.9	16.4	90	0.0	1.6	SW	0.80	9.7	SSW	18.1	0.0	0.0	1007.8	0.00	0.0	0.000	0.000	20.6	62	0.0	0.0	0.00	0.0000	---	---	---	---	696	1	100.0	30	
21/05/23	20:30	16.1	16.5	16.1	91	0.0	1.6	SSW	0.80	9.7	SSW	17.8	0.0	0.0	1008.1	0.00	0.0	0.000	0.000	20.4	62	0.0	0.0	0.00	0.0000	---	---	---	---	696	1	100.0	30	
21/05/23	21:00	15.2	16.2	15.2	91	0.0	0.0	SSW	0.00	8.0	SSE	22.5	0.0	0.0	1007.8	0.00	0.0	0.000	0.000	20.2	62	0.0	0.0	0.00	0.0000	---	---	---	---	695	1	100.0	30	
21/05/23	21:30	15.8	15.9	15.1	92	0.0	1.6	S	0.80	9.7	S	17.5	0.0	0.0	1008.1	0.00	0.0	0.000	0.000	20.1	62	0.0	0.0	0.00	0.0000	---	---	---	---	697	1	100.0	30	
21/05/23	22:00	15.8	15.9	15.8	92	0.0	1.6	SSW	0.80	6.4	SSW	17.4	0.0	0.0	1008.1	0.00	0.0	0.000	0.000	20.0	62	0.0	0.0	0.00	0.0000	---	---	---	---	697	1	100.0	30	
21/05/23	22:30	15.8	15.8	15.3	92	0.0	3.2	W	1.61	11.3	WSW	16.8	0.0	0.0	1008.6	0.00	0.0	0.000	0.000	19.9	62	0.0	0.0	0.00	0.0000	---	---	---	---	700	1	100.0	30	
21/05/23	23:00	15.1	15.8	14.8	92	0.0	1.6	SW	0.80	9.7	WSW	16.6	0.0	0.0	1008.0	0.00	0.0	0.000	0.000	19.8	62	0.0	0.0	0.00	0.0000	---	---	---	---	699	1	100.0	30	
21/05/23	23:30	15.1	15.3	15.1	91	0.0	0.0	SSE	0.00	3.2	SSE	22.5	0.0	0.0	1008.0	0.00	0.0	0.000	0.000	19.8	62	0.0	0.0	0.00	0.0000	---	---	---	---	694	1	100.0	30	
22/05/23	00:00	15.1	15.2	14.9	92	0.0	1.6	SSE	0.80	6.4	SSE	16.7	0.0	0.0	1008.4	0.00	0.0	0.000	0.000	19.7	62	0.0	0.0	0.00	0.0000	---	---	---	---	695	1	100.0	30	
22/05/23	00:30	14.8	15.1	14.8	92	0.0	3.2	SSW	1.61	6.4	SW	15.7	0.0	0.0	1008.1	0.00	0.0	0.000	0.000	19.7	63	0.0	0.0	0.00	0.0000	---	---	---	---	696	1	100.0	30	
22/05/23	01:00	14.9	14.9	14.7	90	0.0	1.6	SE	0.80	4.8	SE	16.5	0.0	0.0	1008.2	0.00	0.0	0.000	0.000	19.6	63	0.0	0.0	0.00	0.0000	---	---	---	---	695	1	100.0	30	
22/05/23	01:30	15.7	15.7	14.8	87	0.0	3.2	SSW	1.61	12.9	S	16.7	0.0	0.0	1008.0	0.00	0.0	0.000	0.000	19.5	63	0.0	0.0	0.00	0.0000	---	---	---	---	696	1	100.0	30	
22/05/23	02:00	14.8	15.8	14.8	89	0.0	4.8	WSW	2.41	11.3	W	15.3	0.0	0.0	1008.1	0.00	0.0	0.000	0.000	19.5	63	0.0	0.0	0.00	0.0000	---	---	---	---	696	1	100.0	30	
22/05/23	02:30	14.5	14.8	14.5	91	0.0	3.2	SW	1.61	8.0	SW	15.4	0.0	0.0	1008.1	0.00	0.0	0.000	0.000	19.4	63	0.0	0.0	0.00	0.0000	---	---	---	---	697	1	100.0	30	
22/05/23	03:00	15.0	15.0	14.5	90	0.0	3.2	S	1.61	9.7	S	15.9	0.0	0.0	1008.0	0.00	0.0	0.000	0.000	19.4	63	0.0	0.0	0.00	0.0000	---	---	---	---	699	1	100.0	30	
22/05/23	03:30	15.7	15.8	15.0	85	0.0	0.0	NNE	0.00	0.0	NNE	22.9	0.0	0.0	1008.0	0.00	0.0	0.000	0.000	19.3	63	0.0	0.0	0.00	0.0000	---	---	---	---	696	1	100.0	30	
22/05/23	04:00	15.5	15.8	15.4	84	0.0	0.0	SSW	0.00	3.2	SSW	22.8	0.0	0.0	1008.0	0.00	0.0	0.000	0.000	19.3	63	0.0	0.0	0.00	0.0000	---	---	---	---	698	1	100.0	30	
22/05/23	04:30	15.4	15.5	15.3	85	0.0	0.0	SSW	0.00	3.2	SSW	22.7	0.0	0.0	1007.8	0.00	0.0	0.000	0.000	19.2	63	0.0	0.0	0.00	0.0000	---	---	---	---	696	1	100.0	30	
22/05/23	05:00	15.4	15.6	15.4	85	0.0	0.0	SSW	0.00	3.2	SSW	22.7	0.0	0.0	1008.0	0.00	0.0	0.000	0.000	19.2	63	0.0	0.0	0.00	0.0000	---	---	---	---	696	1	100.0	30	
22/05/23	05:30	15.2	15.4	15.2	85	0.0	0.0	SSW	0.00	3.2	SSW	22.5	0.0	0.0	1008.0	0.00	0.0	0.000	0.000	19.2	63	0.0	0.0	0.00	0.0000	---	---	---	---	695	1	100.0	30	
22/05/23	06:00	15.3	15.3	15.0	85	0.0	1.6	SSW	0.80	3.2	SSW	16.9	0.0	0.0	1008.0	0.00	0.0	0.000	0.000	19.1	63	0.0	0.0	0.00	0.0000	---	---	---	---	694	1	100.0	30	
22/05/23	06:30	15.7	15.7	15.3	83	0.0	1.6	S	0.80	4.8	S	17.3	0.0	0.0	1008.2	0.00	0.0	0.000	0.000	19.1	63	0.0	0.0	0.00	0.0000	---	---	---	---	700	1	100.0	30	
22/05/23	07:00	16.1	16.1	15.7	82	0.0	0.0	S	0.00	3.2	S	23.1	0.0	0.0	1008.3	0.00	0.0	0.000	0.000	19.2	63	0.0	0.0	0.00	0.0000	---	---	---	---	696	1	100.0	30	
22/05/23	07:30	18.1	18.2	16.1	73	0.0	0.0	SE	0.00	1.6	SE	24.3	0.0	0.0	1008.5	0.00	0.0	0.000	0.000	19.3	63	0.0	0.0	0.00	0.0000	---	---	---	---	696	1	100.0	30	
22/05/23	08:00	18.4	18.4	17.7	72	0.0	0.0	WSW	0.00	1.6	WSW	24.5	0.0	0.0	1008.6	0.00	0.0	0.000	0.000	19.6	62	0.0	0.0	0.00	0.0000	---	---	---	---	697	1	100.0	30	
22/05/23	08:30	19.6	19.7	18.4	66	0.0	0.0	NNW	0.00	4.8	NNW	25.3	0.0	0.0	1008.9	0.00	0.0	0.000	0.000	20.2	62	0.0	0.0	0.00	0.0000	---	---	---	---	698	1	100.0	30	
22/05/23	09:00	20.3	20.3	19.6	65	0.0	1.6	E	0.80	4.8	E	22.1	0.0	0.0	1009.0	0.00	0.0	0.000	0.000	20.6	61	0.0	0.0	0.00	0.0000	---	---	---	---	693	1	100.0	30	
22/05/23	09:30	20.8	20.8	20.2	61	0.0	3.2	NE	1.61	8.0	NE	22.3	0.0	0.0	1008.9	0.00	0.0	0.000	0.000	20.8	61	0.0	0.0	0.00	0.0000	---	---	---	---	696	1	100.0	30	
22/05/23	10:00	21.7	21.8	20.8	59	0.0	1.6	NE	0.80	6.4	ENE	23.6	0.0	0.0	1009.1	0.00	0.0	0.000	0.000	20.8	61	0.0	0.0	0.00	0.0000	---	---	---	---	695	1	100.0	30	
22/05/23	10:30	21.8	22.6	21.3	57	0.0	3.2	ENE	1.61	14.5	NNE	23.4	0.0	0.0	1009.1	0.00	0.0	0.000	0.000	21.0	61	0.0	0.0	0.00	0.0000	---	---	---	---	697	1	100.0	30	
22/05/23	11:00	22.4	22.6	21.6	55	0.0	4.8	NNE	2.41	16.1	NE	23.8	0.0	0.0	1008.9	0.00	0.0	0.000	0.000	21.1	61	0.0	0.0	0.00	0.0000	---	---	---	---	696	1	100.0	30	
22/05/23	11:30	23.0	23.1	22.3	57	0.0	4.8	NE	2.41	12.9	N	24.5	0.0	0.0	1009.1	0.00	0.0	0.000	0.000	21.4	61	0.0	0.0	0.00	0.0000	---	---	---	---	695	1	100.0	30	
22/05/23	12:00	23.2	23.3	22.9	57	0.0	6.4	NNE	3.22	17.7	NNE	24.6	0.0	0.0	1009.2	0.00	0.0	0.000	0.000	21.6	61	0.0	0.0	0.00	0.0000	---	---	---	---	697	1	100.0	30	
22/05/23	12:30	23.6	24.0	22.9	54	0.0	4.8	NE	2.41	16.1	N	25.1	0.0	0.0	1009.1	0.00	0.0	0.000	0.000	21.8	61	0.0	0.0	0.00	0.0000	---	---	---	---	697	1	100.0	30	
22/05/23	13:00	22.7	23.9	22.6	59	0.0	4.8	NNE	2.41	14.5	NNE	24.2	0.0	0.0	1009.0	0.00	0.0	0.000	0.000	22.0	61	0.0	0.0	0.00	0.0000	---	---	---	---	696	1	100.0	30	
22/05/23	13:30	22.8	23.3	22.6	64	0.0	6.4	NE	3.22	20.9	NNE	24.2	0.0	0.0	1009.0	0.00	0.0	0.000	0.000	22.2	61	0.0	0.0	0.00	0.0000	---	---	---	---	698	1	100.0	30	
22/05/23	14:00	23.3	24.3	22.8	61	0.0	4.8	ENE	2.41	17.7	NNW	24.8	0.0	0.0	1008.9	0.00	0.0	0.000	0.000	22.4	61	0.0	0.0	0.00	0.0000	---	---	---	---	698	1	100.0	30	
22/05/23	14:30	21.9	23.2	21.9	67	0.0	3.2	SE	1.61	12.9	E	23.5	0.0	0.0	1009.0	0.00	0.0	0.000	0.000	22.4	61	0.0	0.0	0.00	0.0000	---	---	---	---	698	1	100.0	30	
22/05/23	15:00	19.4	21.9	19.4	82	0.0	1.6	ESE	0.80	8.0	SE	21.3	0.0	0.0	1009.3	0.00	0.0	0.000	0.000	22.2	61	0.0	0.0	0.00	0.0000	---	---	---	---	697	1	100.0	30	
22/05/23	15:30	18.9	19.4	18.8	84	0.0	3.2	NE	1.61	12.9	NNE	20.2	0.0	0.0	1008.8	0.00	0.0	0.000	0.000	22.1	61	0.0	0.0	0.00	0.0000	---	---	---	---	695	1	100.0	30	
22/05/23	16:00	19.9	20.0	18.9	76	0.0	3.2	NNE	1.61	9.7	NNE	21.3	0.0	0.0	1008.8	0.00	0.0	0.000	0.000	22.3	61	0.0	0.0	0.00	0.0000	---	---	---	---	698	1	100.0	30	
22/05/23	16:30	21.6	21.6	19.8	69	0.0	3.2	ENE	1.61	12.9	ENE	23.1	0.0	0.0	1008.6	0.00	0.0	0.000	0.000	22.8	61	0.0	0.0	0.00	0.0000	---	---	---	---	698	1	100.0	30	
22/05/23	17:00	21.1	22.0	21.1	64	0.0	6.4	NE	3.22	14.5	NNE	22.2	0.0	0.0	1008.8	0.00	0.0	0.000	0.000	23.3	60	0.0	0.0	0.00	0.0000	---	---	---	---	699	1	100.0	30	
22/05/23	17:30	21.8	21.8	20.9	64	0.0	4.8	NE	2.41	14.5	ENE	23.2	0.0	0.0	1008.8	0.00	0.0	0.000	0.000	23.3	60	0.0	0.0	0.00	0.0000	---	---	---	---	697	1	100.0	30	
22/05/23	18:00	20.4	21.9	20.4	68	0.0	6.4	ENE	3.22	19.3	ENE	21.4	0.0	0.0	1009.0	0.00	0.0	0.000	0.000	23.2	60	0.0	0.0	0.00	0.0000	---	---	---	---	698	1	100.0	30	
22/05/23	18:30	18.3	20.4	18.3	78	0.0	1.6	NNE	0.80	16.1	SSE	20.1	0.0	0.0	1009.4	0.00	0.0	0.000	0.000	22.8	61	0.0	0.0	0.00	0.0000	---	---	---	---	695	1	100.0	30	
22/05/23	19:00	17.9	18.3	17.9	83	0.0	3.2	NNE	1.61	11.3	SSW	19.1	0.0	0.0	1009.8	0.00	0.0	0.000	0.000	22.4	61	0.0	0.0	0.00	0.0000	---	---	---	---	697	1	100.0	30	
22/05/23	19:30	17.4	17.9	17.4	87	0.0	3.2	SSW	1.61	9.7	S	18.6	0.0	0.0	1010.0	0.00	0.0	0.000	0.000	22.2	61	0.0	0.0	0.00	0.0000	---	---	---	---	696	1	100.0	30	
22/05/23	20:00	17.6	17.6	17.3	86	0.0	3.2	SW	1.61	8.0	S	18.7	0.0	0.0	1010.5	0.00	0.0	0.000	0.000	21.9	61	0.0	0.0	0.00	0.0000	---	---	---	---	694	1	100.0	30	
22/05/23	20:30	17.2	17.6	17.2	88	0.0	1.6	WSW	0.80	6.4	SSE	18.9	0.0	0.0	1010.5	0.00	0.0	0.000	0.000	21.8	61	0.0	0.0	0.00	0.0000	---	---	---	---	698	1	100.0	30	
22/05/23	21:00	16.4	17.3	16.4	90	0.0	1.6	E	0.80	6.4	E	18.1	0.0	0.0	1011.0	0.00	0.0	0.000	0.000	21.6	62	0.0	0.0	0.00	0.0000	---	---	---	---	698	1	100.0	30	
22/05/23	21:30	16.4	16.7	16.4	92	0.0	3.2	WSW	1.61	9.7	W	17.5	0.0	0.0	1011.2	0.00	0.0	0.000	0.000	21.4	62	0.0	0.0	0.00	0.0000	---	---	---	---	700	1	100.0	30	
22/05/23	22:00	15.7	16.4	15.7	91	0.0	3.2	S	1.61	9.7	S	16.6	0.0	0.0	1011.1	0.00	0.0	0.000	0.000	21.3	62	0.0	0.0	0.00	0.0000	---	---	---	---	696	1	100.0	30	
22/05/23	22:30	15.8	15.8	15.6	89	0.0	1.6	S	0.80	8.0	S	17.4	0.0	0.0	1011.0	0.00	0.0	0.000	0.000	21.2	62	0.0	0.0	0.00	0.0000	---	---	---	---	697	1	100.0	30	
22/05/23	23:00	15.3	15.8	15.3	87	0.0	1.6	SW	0.80	9.7	SW	16.9	0.0	0.0	1011.2	0.00	0.0	0.000	0.000	21.1	62	0.0	0.0	0.00	0.0000	---	---	---	---	694	1	100.0	30	
22/05/23	23:30	15.6	15.7	15.3	85	0.0	4.8	SSW	2.41	9.7	S	16.1	0.0	0.0	1010.8	0.00	0.0	0.000	0.000	20.9	62	0.0	0.0	0.00	0.0000	---	---	---	---	694	1	100.0	30	
23/05/23	00:00	15.7	15.7	15.5	83	0.0	3.2	S	1.61	11.3	SE	16.6	0.0	0.0	1010.9	0.00	0.0	0.000	0.000	20.8	62	0.0	0.0	0.00	0.0000	---	---	---	---	694	1	100.0	30	
23/05/23	00:30	15.6	15.7	15.5	82	0.0	6.4	SSW	3.22	14.5	S	15.8	0.0	0.0	1010.8	0.00	0.0	0.000	0.000	20.7	62	0.0	0.0	0.00	0.0000	---	---	---	---	695	1	100.0	30	
23/05/23	01:00	15.7	15.8	15.5	81	0.0	6.4	SSW	3.22	14.5	SSE	15.9	0.0	0.0	1010.6	0.00	0.0	0.000	0.000	20.6	62	0.0	0.0	0.00	0.0000	---	---	---	---	700	1	100.0	30	
23/05/23	01:30	15.7	15.7	15.6	81	0.0	6.4	SSW	3.22	12.9	S	15.9	0.0	0.0	1010.8	0.00	0.0	0.000	0.000	20.5	62	0.0	0.0	0.00	0.0000	---	---	---	---	695	1	100.0	30	
23/05/23	02:00	15.8	15.8	15.7	80	0.0	6.4	SSW	3.22	14.5	SSE	16.0	0.0	0.0	1010.8	0.00	0.0	0.000	0.000	20.4	62	0.0	0.0	0.00	0.0000	---	---	---	---	697	1	100.0	30	
23/05/23	02:30	16.3	16.3	15.8	79	0.0	6.4	SSW	3.22	16.1	S	16.6	0.0	0.0	1010.6	0.00	0.0	0.000	0.000	20.3	62	0.0	0.0	0.00	0.0000	---	---	---	---	697	1	100.0	30	
23/05/23	03:00	17.0	17.1	16.3	75	0.0	6.4	SSW	3.22	16.1	S	17.4	0.0	0.0	1010.5	0.00	0.0	0.000	0.000	20.2	62	0.0	0.0	0.00	0.0000	---	---	---	---	697	1	100.0	30	
23/05/23	03:30	17.3	17.3	16.8	75	0.0	6.4	SSW	3.22	14.5	S	17.8	0.0	0.0	1010.5	0.00	0.0	0.000	0.000	20.2	62	0.0	0.0	0.00	0.0000	---	---	---	---	696	1	100.0	30	
23/05/23	04:00	17.6	17.6	17.3	72	0.0	3.2	SSW	1.61	8.0	S	18.8	0.0	0.0	1010.5	0.00	0.0	0.000	0.000	20.2	62	0.0	0.0	0.00	0.0000	---	---	---	---	697	1	100.0	30	
23/05/23	04:30	17.2	18.1	17.2	73	0.0	1.6	SSW	0.80	6.4	SSW	18.9	0.0	0.0	1010.3	0.00	0.0	0.000	0.000	20.1	62	0.0	0.0	0.00	0.0000	---	---	---	---	695	1	100.0	30	
23/05/23	05:00	16.1	17.2	16.1	77	0.0	0.0	SE	0.00	3.2	S	23.1	0.0	0.0	1010.5	0.00	0.0	0.000	0.000	20.1	62	0.0	0.0	0.00	0.0000	---	---	---	---	692	1	100.0	30	
23/05/23	05:30	15.9	16.2	15.8	78	0.0	0.0	SE	0.00	3.2	SE	23.0	0.0	0.0	1010.5	0.00	0.0	0.000	0.000	20.0	62	0.0	0.0	0.00	0.0000	---	---	---	---	697	1	100.0	30	
23/05/23	06:00	16.3	16.3	15.8	77	0.0	0.0	SE	0.00	1.6	SE	23.2	0.0	0.0	1010.5	0.00	0.0	0.000	0.000	19.9	62	0.0	0.0	0.00	0.0000	---	---	---	---	698	1	100.0	30	
23/05/23	06:30	16.5	16.5	15.8	78	0.0	1.6	SE	0.80	4.8	SE	18.2	0.0	0.0	1010.6	0.00	0.0	0.000	0.000	19.9	62	0.0	0.0	0.00	0.0000	---	---	---	---	698	1	100.0	30	
23/05/23	07:00	18.1	18.1	16.5	74	0.0	0.0	SE	0.00	3.2	SE	24.3	0.0	0.0	1010.7	0.00	0.0	0.000	0.000	19.9	61	0.0	0.0	0.00	0.0000	---	---	---	---	696	1	100.0	30	
23/05/23	07:30	18.8	18.9	18.1	71	0.0	1.6	SSW	0.80	4.8	SSW	20.6	0.0	0.0	1010.9	0.00	0.0	0.000	0.000	20.2	61	0.0	0.0	0.00	0.0000	---	---	---	---	699	1	100.0	30	
23/05/23	08:00	19.3	19.3	18.6	71	0.0	1.6	SSW	0.80	4.8	WNW	21.1	0.0	0.0	1010.9	0.00	0.0	0.000	0.000	20.5	61	0.0	0.0	0.00	0.0000	---	---	---	---	697	1	100.0	30	
23/05/23	08:30	20.1	20.2	19.3	71	0.0	1.6	SW	0.80	4.8	SW	21.9	0.0	0.0	1011.1	0.00	0.0	0.000	0.000	21.1	61	0.0	0.0	0.00	0.0000	---	---	---	---	698	1	100.0	30	
23/05/23	09:00	20.7	20.7	20.1	70	0.0	1.6	NE	0.80	6.4	NE	22.5	0.0	0.0	1011.1	0.00	0.0	0.000	0.000	21.4	61	0.0	0.0	0.00	0.0000	---	---	---	---	692	1	100.0	30	
23/05/23	09:30	21.1	21.3	20.3	67	0.0	1.6	NNE	0.80	6.4	NNE	22.9	0.0	0.0	1011.2	0.00	0.0	0.000	0.000	21.6	61	0.0	0.0	0.00	0.0000	---	---	---	---	694	1	100.0	30	
23/05/23	10:00	22.1	22.1	21.0	65	0.0	3.2	NE	1.61	6.4	NE	23.7	0.0	0.0	1011.2	0.00	0.0	0.000	0.000	21.7	61	0.0	0.0	0.00	0.0000	---	---	---	---	696	1	100.0	30	
23/05/23	10:30	22.4	22.5	21.8	67	0.0	3.2	NE	1.61	9.7	NE	24.1	0.0	0.0	1011.3	0.00	0.0	0.000	0.000	21.8	61	0.0	0.0	0.00	0.0000	---	---	---	---	699	1	100.0	30	
23/05/23	11:00	22.8	23.3	22.3	64	0.0	3.2	N	1.61	12.9	N	24.5	0.0	0.0	1011.4	0.00	0.0	0.000	0.000	21.9	61	0.0	0.0	0.00	0.0000	---	---	---	---	697	1	100.0	30	
23/05/23	11:30	22.9	23.4	22.7	61	0.0	4.8	NNE	2.41	16.1	NNE	24.5	0.0	0.0	1011.3	0.00	0.0	0.000	0.000	22.3	61	0.0	0.0	0.00	0.0000	---	---	---	---	693	1	100.0	30	
23/05/23	12:00	24.1	24.2	22.9	59	0.0	4.8	NE	2.41	14.5	NE	25.7	0.0	0.0	1011.2	0.00	0.0	0.000	0.000	23.0	60	0.0	0.0	0.00	0.0000	---	---	---	---	695	1	100.0	30	
23/05/23	12:30	24.0	24.2	23.7	58	0.0	4.8	NE	2.41	19.3	NE	25.7	0.0	0.0	1011.3	0.00	0.0	0.000	0.000	22.9	60	0.0	0.0	0.00	0.0000	---	---	---	---	698	1	100.0	30	
23/05/23	13:00	24.3	24.9	23.8	58	0.0	4.8	NE	2.41	12.9	NNE	26.0	0.0	0.0	1011.3	0.00	0.0	0.000	0.000	22.9	60	0.0	0.0	0.00	0.0000	---	---	---	---	697	1	100.0	30	
23/05/23	13:30	24.6	24.7	23.8	63	0.0	6.4	NE	3.22	20.9	NE	26.2	0.0	0.0	1011.1	0.00	0.0	0.000	0.000	23.2	60	0.0	0.0	0.00	0.0000	---	---	---	---	697	1	100.0	30	
23/05/23	14:00	24.0	24.9	23.9	63	0.0	8.0	NE	4.02	20.9	NE	25.4	0.0	0.0	1011.0	0.00	0.0	0.000	0.000	23.4	60	0.0	0.0	0.00	0.0000	---	---	---	---	694	1	100.0	30	
23/05/23	14:30	24.4	24.4	23.7	64	0.0	9.7	NE	4.83	20.9	NE	25.8	0.0	0.0	1011.0	0.00	0.0	0.000	0.000	23.7	60	0.0	0.0	0.00	0.0000	---	---	---	---	696	1	100.0	30	
23/05/23	15:00	22.4	24.7	22.4	65	0.0	8.0	NNE	4.02	24.1	NNE	23.6	0.0	0.0	1011.2	0.00	0.0	0.000	0.000	23.7	60	0.0	0.0	0.00	0.0000	---	---	---	---	698	1	100.0	30	
23/05/23	15:30	21.6	22.4	21.6	69	0.0	4.8	NNE	2.41	16.1	N	22.9	0.0	0.0	1011.4	0.00	0.0	0.000	0.000	23.6	60	0.0	0.0	0.00	0.0000	---	---	---	---	693	1	100.0	30	
23/05/23	16:00	21.6	21.7	21.4	68	0.0	3.2	ENE	1.61	12.9	NNE	23.2	0.0	0.0	1011.1	0.00	0.0	0.000	0.000	23.4	60	0.0	0.0	0.00	0.0000	---	---	---	---	698	1	100.0	30	
23/05/23	16:30	20.8	21.6	20.8	72	0.0	3.2	ENE	1.61	11.3	N	22.3	0.0	0.0	1011.0	0.00	0.0	0.000	0.000	23.2	60	0.0	0.0	0.00	0.0000	---	---	---	---	695	1	100.0	30	
23/05/23	17:00	20.8	20.9	20.7	73	0.0	3.2	ENE	1.61	14.5	ENE	22.3	0.0	0.0	1011.3	0.00	0.0	0.000	0.000	23.0	61	0.0	0.0	0.00	0.0000	---	---	---	---	696	1	100.0	30	
23/05/23	17:30	20.6	20.9	20.3	75	0.0	3.2	NNE	1.61	6.4	N	22.0	0.0	0.0	1011.3	0.00	0.0	0.000	0.000	22.9	61	0.0	0.0	0.00	0.0000	---	---	---	---	693	1	100.0	30	
23/05/23	18:00	20.9	21.0	20.6	70	0.0	1.6	ESE	0.80	6.4	E	22.8	0.0	0.0	1011.4	0.00	0.0	0.000	0.000	22.9	61	0.0	0.0	0.00	0.0000	---	---	---	---	697	1	100.0	30	
23/05/23	18:30	21.0	21.2	20.9	66	0.0	0.0	SE	0.00	4.8	SE	26.2	0.0	0.0	1011.1	0.00	0.0	0.000	0.000	22.8	61	0.0	0.0	0.00	0.0000	---	---	---	---	695	1	100.0	30	
23/05/23	19:00	20.4	21.0	20.3	80	0.0	1.6	W	0.80	6.4	W	22.2	0.0	0.0	1011.1	0.00	0.0	0.000	0.000	22.7	61	0.0	0.0	0.00	0.0000	---	---	---	---	697	1	100.0	30	
23/05/23	19:30	19.8	20.4	19.8	78	0.0	3.2	SW	1.61	9.7	SSW	21.2	0.0	0.0	1011.1	0.00	0.0	0.000	0.000	22.7	61	0.0	0.0	0.00	0.0000	---	---	---	---	695	1	100.0	30	
23/05/23	20:00	19.4	19.8	19.4	81	0.0	1.6	SW	0.80	6.4	SSW	21.2	0.0	0.0	1011.0	0.00	0.0	0.000	0.000	22.6	61	0.0	0.0	0.00	0.0000	---	---	---	---	695	1	100.0	30	
23/05/23	20:30	18.5	19.4	18.4	78	0.0	1.6	SW	0.80	8.0	SSW	20.3	0.0	0.0	1011.0	0.00	0.0	0.000	0.000	22.4	61	0.0	0.0	0.00	0.0000	---	---	---	---	696	1	100.0	30	
23/05/23	21:00	18.2	18.5	18.2	73	0.0	3.2	SSW	1.61	6.4	SW	19.4	0.0	0.0	1011.3	0.00	0.0	0.000	0.000	22.3	61	0.0	0.0	0.00	0.0000	---	---	---	---	694	1	100.0	30	
23/05/23	21:30	18.0	18.4	18.0	74	0.0	0.0	SSW	0.00	4.8	SSW	24.3	0.0	0.0	1011.5	0.00	0.0	0.000	0.000	22.2	61	0.0	0.0	0.00	0.0000	---	---	---	---	699	1	100.0	30	
23/05/23	22:00	18.2	18.2	17.7	75	0.0	1.6	E	0.80	6.4	ENE	19.9	0.0	0.0	1011.6	0.00	0.0	0.000	0.000	22.0	61	0.0	0.0	0.00	0.0000	---	---	---	---	697	1	100.0	30	
23/05/23	22:30	18.2	18.3	18.1	75	0.0	0.0	E	0.00	3.2	E	24.4	0.0	0.0	1011.9	0.00	0.0	0.000	0.000	21.9	61	0.0	0.0	0.00	0.0000	---	---	---	---	697	1	100.0	30	
23/05/23	23:00	18.1	18.4	18.0	76	0.0	3.2	SSW	1.61	6.4	SW	19.3	0.0	0.0	1011.9	0.00	0.0	0.000	0.000	21.8	61	0.0	0.0	0.00	0.0000	---	---	---	---	696	1	100.0	30	
23/05/23	23:30	18.2	18.4	18.1	76	0.0	3.2	S	1.61	8.0	S	19.4	0.0	0.0	1011.8	0.00	0.0	0.000	0.000	21.7	61	0.0	0.0	0.00	0.0000	---	---	---	---	698	1	100.0	30	
24/05/23	00:00	18.2	18.3	18.1	76	0.0	3.2	S	1.61	6.4	SSE	19.4	0.0	0.0	1011.8	0.00	0.0	0.000	0.000	21.6	61	0.0	0.0	0.00	0.0000	---	---	---	---	695	1	100.0	30	
24/05/23	00:30	17.8	18.2	17.8	77	0.0	0.0	SSW	0.00	4.8	S	24.2	0.0	0.0	1011.8	0.00	0.0	0.000	0.000	21.5	61	0.0	0.0	0.00	0.0000	---	---	---	---	696	1	100.0	30	
24/05/23	01:00	17.6	17.8	17.4	78	0.0	1.6	SSW	0.80	4.8	S	19.3	0.0	0.0	1011.7	0.00	0.0	0.000	0.000	21.4	61	0.0	0.0	0.00	0.0000	---	---	---	---	695	1	100.0	30	
24/05/23	01:30	17.3	17.6	17.3	78	0.0	1.6	SSW	0.80	4.8	SSW	19.0	0.0	0.0	1011.6	0.00	0.0	0.000	0.000	21.3	61	0.0	0.0	0.00	0.0000	---	---	---	---	698	1	100.0	30	
24/05/23	02:00	17.2	17.4	17.2	78	0.0	3.2	SSW	1.61	8.0	SSW	18.3	0.0	0.0	1011.4	0.00	0.0	0.000	0.000	21.2	61	0.0	0.0	0.00	0.0000	---	---	---	---	695	1	100.0	30	
24/05/23	02:30	16.9	17.2	16.9	79	0.0	3.2	S	1.61	9.7	SSE	18.0	0.0	0.0	1011.4	0.00	0.0	0.000	0.000	21.1	61	0.0	0.0	0.00	0.0000	---	---	---	---	696	1	100.0	30	
24/05/23	03:00	17.1	17.1	16.9	79	0.0	3.2	S	1.61	9.7	SSE	18.2	0.0	0.0	1011.3	0.00	0.0	0.000	0.000	21.1	61	0.0	0.0	0.00	0.0000	---	---	---	---	697	1	100.0	30	
24/05/23	03:30	16.8	17.1	16.8	80	0.0	1.6	S	0.80	9.7	SSE	18.5	0.0	0.0	1011.2	0.00	0.0	0.000	0.000	21.0	61	0.0	0.0	0.00	0.0000	---	---	---	---	697	1	100.0	30	
24/05/23	04:00	16.7	16.8	16.7	81	0.0	0.0	S	0.00	1.6	S	23.5	0.0	0.0	1011.2	0.00	0.0	0.000	0.000	20.9	61	0.0	0.0	0.00	0.0000	---	---	---	---	698	1	100.0	30	
24/05/23	04:30	16.8	16.8	16.6	82	0.0	0.0	S	0.00	3.2	S	23.5	0.0	0.0	1011.1	0.00	0.0	0.000	0.000	20.8	61	0.0	0.0	0.00	0.0000	---	---	---	---	698	1	100.0	30	
24/05/23	05:00	16.8	16.8	16.7	81	0.0	0.0	S	0.00	3.2	S	23.5	0.0	0.0	1011.0	0.00	0.0	0.000	0.000	20.8	61	0.0	0.0	0.00	0.0000	---	---	---	---	698	1	100.0	30	
24/05/23	05:30	16.7	16.8	16.7	81	0.0	0.0	NNE	0.00	0.0	NNE	23.5	0.0	0.0	1011.0	0.00	0.0	0.000	0.000	20.7	61	0.0	0.0	0.00	0.0000	---	---	---	---	696	1	100.0	30	
24/05/23	06:00	16.7	16.7	16.5	81	0.0	0.0	NNE	0.00	0.0	NNE	23.5	0.0	0.0	1011.2	0.00	0.0	0.000	0.000	20.6	61	0.0	0.0	0.00	0.0000	---	---	---	---	698	1	100.0	30	
24/05/23	06:30	17.1	17.1	16.7	81	0.0	0.0	S	0.00	6.4	SSE	23.8	0.0	0.0	1011.4	0.00	0.0	0.000	0.000	20.6	61	0.0	0.0	0.00	0.0000	---	---	---	---	694	1	100.0	30	
24/05/23	07:00	18.2	18.2	17.1	77	0.0	0.0	NNE	0.00	0.0	NNE	24.4	0.0	0.0	1011.3	0.00	0.0	0.000	0.000	20.7	61	0.0	0.0	0.00	0.0000	---	---	---	---	698	1	100.0	30	
24/05/23	07:30	18.6	18.7	18.2	77	0.0	0.0	NNE	0.00	0.0	NNE	24.7	0.0	0.0	1011.5	0.00	0.0	0.000	0.000	20.8	61	0.0	0.0	0.00	0.0000	---	---	---	---	697	1	100.0	30	
24/05/23	08:00	19.1	19.3	18.6	76	0.0	1.6	WSW	0.80	4.8	WSW	20.9	0.0	0.0	1011.7	0.00	0.0	0.000	0.000	21.2	61	0.0	0.0	0.00	0.0000	---	---	---	---	695	1	100.0	30	
24/05/23	08:30	19.7	19.7	19.2	75	0.0	1.6	WSW	0.80	6.4	WNW	21.5	0.0	0.0	1011.7	0.00	0.0	0.000	0.000	21.8	60	0.0	0.0	0.00	0.0000	---	---	---	---	695	1	100.0	30	
24/05/23	09:00	20.4	20.4	19.7	74	0.0	3.2	WNW	1.61	9.7	W	21.9	0.0	0.0	1011.9	0.00	0.0	0.000	0.000	22.1	60	0.0	0.0	0.00	0.0000	---	---	---	---	697	1	100.0	30	
24/05/23	09:30	21.4	21.6	20.4	70	0.0	3.2	W	1.61	6.4	W	23.0	0.0	0.0	1011.9	0.00	0.0	0.000	0.000	22.2	60	0.0	0.0	0.00	0.0000	---	---	---	---	699	1	100.0	30	
24/05/23	10:00	21.8	22.1	21.0	69	0.0	3.2	W	1.61	6.4	W	23.4	0.0	0.0	1011.8	0.00	0.0	0.000	0.000	22.3	60	0.0	0.0	0.00	0.0000	---	---	---	---	696	1	100.0	30	
24/05/23	10:30	22.7	23.2	21.8	64	0.0	3.2	WSW	1.61	11.3	WSW	24.4	0.0	0.0	1011.9	0.00	0.0	0.000	0.000	22.5	61	0.0	0.0	0.00	0.0000	---	---	---	---	698	1	100.0	30	
24/05/23	11:00	23.2	23.3	22.4	65	0.0	3.2	W	1.61	11.3	NNE	24.9	0.0	0.0	1011.9	0.00	0.0	0.000	0.000	22.6	61	0.0	0.0	0.00	0.0000	---	---	---	---	697	1	100.0	30	
24/05/23	11:30	23.7	23.7	22.8	66	0.0	4.8	NE	2.41	14.5	NE	25.3	0.0	0.0	1011.9	0.00	0.0	0.000	0.000	22.9	61	0.0	0.0	0.00	0.0000	---	---	---	---	696	1	100.0	30	
24/05/23	12:00	24.2	24.2	23.3	65	0.0	4.8	NE	2.41	12.9	NNE	25.9	0.0	0.0	1011.8	0.00	0.0	0.000	0.000	23.1	61	0.0	0.0	0.00	0.0000	---	---	---	---	697	1	100.0	30	
24/05/23	12:30	24.0	24.8	23.8	63	0.0	4.8	NE	2.41	17.7	NE	25.7	0.0	0.0	1011.7	0.00	0.0	0.000	0.000	23.3	60	0.0	0.0	0.00	0.0000	---	---	---	---	699	1	100.0	30	
24/05/23	13:00	24.6	25.2	23.7	59	0.0	4.8	NNE	2.41	12.9	ENE	26.3	0.0	0.0	1011.5	0.00	0.0	0.000	0.000	23.6	60	0.0	0.0	0.00	0.0000	---	---	---	---	696	1	100.0	30	
24/05/23	13:30	24.7	25.4	23.9	62	0.0	6.4	NNE	3.22	16.1	NNE	26.3	0.0	0.0	1011.4	0.00	0.0	0.000	0.000	23.8	60	0.0	0.0	0.00	0.0000	---	---	---	---	698	1	100.0	30	
24/05/23	14:00	24.3	25.3	24.1	64	0.0	8.0	NE	4.02	19.3	NNE	25.8	0.0	0.0	1011.2	0.00	0.0	0.000	0.000	24.1	60	0.0	0.0	0.00	0.0000	---	---	---	---	698	1	100.0	30	
24/05/23	14:30	24.9	25.3	24.3	63	0.0	6.4	NNE	3.22	17.7	NE	26.6	0.0	0.0	1011.2	0.00	0.0	0.000	0.000	24.4	60	0.0	0.0	0.00	0.0000	---	---	---	---	698	1	100.0	30	
24/05/23	15:00	24.1	24.9	24.0	60	0.0	4.8	NNE	2.41	16.1	NE	25.7	0.0	0.0	1010.8	0.00	0.0	0.000	0.000	24.6	60	0.0	0.0	0.00	0.0000	---	---	---	---	695	1	100.0	30	
24/05/23	15:30	24.8	25.0	23.7	59	0.0	4.8	NNE	2.41	16.1	NE	26.5	0.0	0.0	1010.8	0.00	0.0	0.000	0.000	25.0	59	0.0	0.0	0.00	0.0000	---	---	---	---	697	1	100.0	30	
24/05/23	16:00	24.2	25.4	24.1	61	0.0	6.4	NNE	3.22	19.3	NE	25.7	0.0	0.0	1010.6	0.00	0.0	0.000	0.000	25.5	59	0.0	0.0	0.00	0.0000	---	---	---	---	698	1	100.0	30	
24/05/23	16:30	24.0	24.7	23.6	62	0.0	6.4	NNE	3.22	19.3	NE	25.5	0.0	0.0	1010.8	0.00	0.0	0.000	0.000	25.9	59	0.0	0.0	0.00	0.0000	---	---	---	---	695	1	100.0	30	
24/05/23	17:00	24.1	24.2	23.6	62	0.0	6.4	NNE	3.22	17.7	NE	25.7	0.0	0.0	1010.6	0.00	0.0	0.000	0.000	26.4	58	0.0	0.0	0.00	0.0000	---	---	---	---	697	1	100.0	30	
24/05/23	17:30	23.6	24.3	23.1	62	0.0	4.8	NNE	2.41	17.7	NE	25.2	0.0	0.0	1010.5	0.00	0.0	0.000	0.000	26.4	58	0.0	0.0	0.00	0.0000	---	---	---	---	694	1	100.0	30	
24/05/23	18:00	23.2	24.2	23.2	63	0.0	4.8	NE	2.41	16.1	NNE	24.8	0.0	0.0	1010.2	0.00	0.0	0.000	0.000	26.3	58	0.0	0.0	0.00	0.0000	---	---	---	---	697	1	100.0	30	
24/05/23	18:30	22.4	23.3	22.4	64	0.0	4.8	NE	2.41	16.1	NE	23.9	0.0	0.0	1010.4	0.00	0.0	0.000	0.000	26.1	58	0.0	0.0	0.00	0.0000	---	---	---	---	693	1	100.0	30	
24/05/23	19:00	21.9	22.5	21.8	66	0.0	3.2	NE	1.61	11.3	NE	23.5	0.0	0.0	1010.5	0.00	0.0	0.000	0.000	25.7	58	0.0	0.0	0.00	0.0000	---	---	---	---	695	1	100.0	30	
24/05/23	19:30	21.2	21.9	21.2	68	0.0	1.6	NE	0.80	8.0	NNE	23.1	0.0	0.0	1010.6	0.00	0.0	0.000	0.000	25.3	58	0.0	0.0	0.00	0.0000	---	---	---	---	697	1	100.0	30	
24/05/23	20:00	20.6	21.2	20.6	71	0.0	1.6	NE	0.80	6.4	E	22.5	0.0	0.0	1010.6	0.00	0.0	0.000	0.000	25.0	58	0.0	0.0	0.00	0.0000	---	---	---	---	698	1	100.0	30	
24/05/23	20:30	20.0	20.6	20.0	74	0.0	0.0	NE	0.00	4.8	NNE	25.6	0.0	0.0	1010.7	0.00	0.0	0.000	0.000	24.7	59	0.0	0.0	0.00	0.0000	---	---	---	---	698	1	100.0	30	
24/05/23	21:00	19.6	20.0	19.6	71	0.0	3.2	SW	1.61	8.0	SW	21.0	0.0	0.0	1010.6	0.00	0.0	0.000	0.000	24.4	59	0.0	0.0	0.00	0.0000	---	---	---	---	698	1	100.0	30	
24/05/23	21:30	18.9	19.6	18.9	75	0.0	3.2	SW	1.61	6.4	SW	20.2	0.0	0.0	1010.8	0.00	0.0	0.000	0.000	24.2	59	0.0	0.0	0.00	0.0000	---	---	---	---	697	1	100.0	30	
24/05/23	22:00	18.9	18.9	18.8	78	0.0	1.6	SW	0.80	6.4	S	20.7	0.0	0.0	1010.9	0.00	0.0	0.000	0.000	23.9	59	0.0	0.0	0.00	0.0000	---	---	---	---	698	1	100.0	30	
24/05/23	22:30	19.1	19.3	18.9	76	0.0	0.0	S	0.00	3.2	S	25.0	0.0	0.0	1011.2	0.00	0.0	0.000	0.000	23.7	59	0.0	0.0	0.00	0.0000	---	---	---	---	695	1	100.0	30	
24/05/23	23:00	19.1	19.2	18.9	76	0.0	0.0	S	0.00	1.6	S	25.0	0.0	0.0	1011.2	0.00	0.0	0.000	0.000	23.6	59	0.0	0.0	0.00	0.0000	---	---	---	---	697	1	100.0	30	
24/05/23	23:30	18.5	19.4	18.5	78	0.0	0.0	NNE	0.00	0.0	NNE	24.6	0.0	0.0	1011.3	0.00	0.0	0.000	0.000	23.4	59	0.0	0.0	0.00	0.0000	---	---	---	---	697	1	100.0	30	
25/05/23	00:00	17.6	18.5	17.6	81	0.0	0.0	SSW	0.00	3.2	SSW	24.1	0.0	0.0	1011.4	0.00	0.0	0.000	0.000	23.3	59	0.0	0.0	0.00	0.0000	---	---	---	---	697	1	100.0	30	
25/05/23	00:30	17.8	17.8	17.6	80	0.0	0.0	SSW	0.00	3.2	SSW	24.2	0.0	0.0	1011.5	0.00	0.0	0.000	0.000	23.1	59	0.0	0.0	0.00	0.0000	---	---	---	---	695	1	100.0	30	
25/05/23	01:00	18.2	18.2	17.8	78	0.0	0.0	S	0.00	1.6	S	24.4	0.0	0.0	1011.3	0.00	0.0	0.000	0.000	23.0	59	0.0	0.0	0.00	0.0000	---	---	---	---	695	1	100.0	30	
25/05/23	01:30	18.4	18.4	18.2	77	0.0	0.0	NNE	0.00	0.0	NNE	24.5	0.0	0.0	1011.0	0.00	0.0	0.000	0.000	22.8	59	0.0	0.0	0.00	0.0000	---	---	---	---	697	1	100.0	30	
25/05/23	02:00	18.4	18.6	18.3	76	0.0	1.6	SSW	0.80	8.0	S	20.2	0.0	0.0	1011.0	0.00	0.0	0.000	0.000	22.8	59	0.0	0.0	0.00	0.0000	---	---	---	---	695	1	100.0	30	
25/05/23	02:30	18.7	18.7	18.4	74	0.0	3.2	S	1.61	6.4	S	20.0	0.0	0.0	1010.9	0.00	0.0	0.000	0.000	22.7	59	0.0	0.0	0.00	0.0000	---	---	---	---	698	1	100.0	30	
25/05/23	03:00	17.9	18.8	17.9	76	0.0	3.2	SSW	1.61	9.7	S	19.1	0.0	0.0	1011.0	0.00	0.0	0.000	0.000	22.6	59	0.0	0.0	0.00	0.0000	---	---	---	---	697	1	100.0	30	
25/05/23	03:30	17.9	17.9	17.7	77	0.0	4.8	SSW	2.41	11.3	SSE	18.8	0.0	0.0	1010.9	0.00	0.0	0.000	0.000	22.5	59	0.0	0.0	0.00	0.0000	---	---	---	---	699	1	100.0	30	
25/05/23	04:00	18.3	18.4	17.9	76	0.0	3.2	S	1.61	9.7	S	19.6	0.0	0.0	1010.8	0.00	0.0	0.000	0.000	22.4	59	0.0	0.0	0.00	0.0000	---	---	---	---	695	1	100.0	30	
25/05/23	04:30	18.4	18.6	18.3	76	0.0	3.2	SSW	1.61	8.0	SSE	19.7	0.0	0.0	1010.8	0.00	0.0	0.000	0.000	22.3	59	0.0	0.0	0.00	0.0000	---	---	---	---	697	1	100.0	30	
25/05/23	05:00	18.4	18.4	18.3	76	0.0	4.8	S	2.41	9.7	S	19.4	0.0	0.0	1010.8	0.00	0.0	0.000	0.000	22.3	59	0.0	0.0	0.00	0.0000	---	---	---	---	695	1	100.0	30	
25/05/23	05:30	18.1	18.5	18.0	76	0.0	4.8	SSW	2.41	12.9	S	19.0	0.0	0.0	1011.0	0.00	0.0	0.000	0.000	22.2	59	0.0	0.0	0.00	0.0000	---	---	---	---	695	1	100.0	30	
25/05/23	06:00	18.5	18.6	18.1	74	0.0	4.8	S	2.41	11.3	SSE	19.4	0.0	0.0	1011.2	0.00	0.0	0.000	0.000	22.1	59	0.0	0.0	0.00	0.0000	---	---	---	---	697	1	100.0	30	
25/05/23	06:30	18.8	18.8	18.2	74	0.0	6.4	S	3.22	14.5	S	19.6	0.0	0.0	1011.4	0.00	0.0	0.000	0.000	22.1	59	0.0	0.0	0.00	0.0000	---	---	---	---	697	1	100.0	30	
25/05/23	07:00	19.8	19.8	18.8	71	0.0	4.8	S	2.41	11.3	SSW	20.9	0.0	0.0	1011.7	0.00	0.0	0.000	0.000	22.1	59	0.0	0.0	0.00	0.0000	---	---	---	---	697	1	100.0	30	
25/05/23	07:30	20.7	20.7	19.8	69	0.0	3.2	SSW	1.61	8.0	SW	22.1	0.0	0.0	1011.9	0.00	0.0	0.000	0.000	22.2	59	0.0	0.0	0.00	0.0000	---	---	---	---	694	1	100.0	30	
25/05/23	08:00	21.2	21.2	20.7	69	0.0	3.2	SSW	1.61	9.7	S	22.7	0.0	0.0	1012.0	0.00	0.0	0.000	0.000	22.4	59	0.0	0.0	0.00	0.0000	---	---	---	---	697	1	100.0	30	
25/05/23	08:30	22.4	22.5	21.2	63	0.0	3.2	SW	1.61	8.0	SW	24.1	0.0	0.0	1012.1	0.00	0.0	0.000	0.000	22.8	59	0.0	0.0	0.00	0.0000	---	---	---	---	696	1	100.0	30	
25/05/23	09:00	22.7	22.7	22.3	63	0.0	1.6	WSW	0.80	6.4	W	24.6	0.0	0.0	1012.3	0.00	0.0	0.000	0.000	23.2	59	0.0	0.0	0.00	0.0000	---	---	---	---	697	1	100.0	30	
25/05/23	09:30	23.1	23.7	22.7	56	0.0	3.2	WNW	1.61	6.4	SW	24.8	0.0	0.0	1012.4	0.00	0.0	0.000	0.000	23.5	58	0.0	0.0	0.00	0.0000	---	---	---	---	697	1	100.0	30	
25/05/23	10:00	24.3	24.3	23.1	55	0.0	3.2	WNW	1.61	6.4	W	26.1	0.0	0.0	1012.3	0.00	0.0	0.000	0.000	23.7	58	0.0	0.0	0.00	0.0000	---	---	---	---	698	1	100.0	30	
25/05/23	10:30	24.1	24.5	23.8	56	0.0	3.2	NNE	1.61	8.0	NE	25.9	0.0	0.0	1012.4	0.00	0.0	0.000	0.000	23.8	58	0.0	0.0	0.00	0.0000	---	---	---	---	697	1	100.0	30	
25/05/23	11:00	25.2	25.2	24.1	54	0.0	3.2	N	1.61	12.9	NNE	27.1	0.0	0.0	1012.4	0.00	0.0	0.000	0.000	23.9	58	0.0	0.0	0.00	0.0000	---	---	---	---	697	1	100.0	30	
25/05/23	11:30	25.1	25.7	24.9	53	0.0	3.2	NW	1.61	9.7	WNW	27.0	0.0	0.0	1012.6	0.00	0.0	0.000	0.000	24.1	58	0.0	0.0	0.00	0.0000	---	---	---	---	698	1	100.0	30	
25/05/23	12:00	25.4	26.1	25.1	53	0.0	4.8	NE	2.41	16.1	N	27.2	0.0	0.0	1012.5	0.00	0.0	0.000	0.000	24.3	58	0.0	0.0	0.00	0.0000	---	---	---	---	695	1	100.0	30	
25/05/23	12:30	24.8	26.4	24.8	55	0.0	3.2	W	1.61	11.3	WNW	26.7	0.0	0.0	1012.6	0.00	0.0	0.000	0.000	24.5	58	0.0	0.0	0.00	0.0000	---	---	---	---	696	1	100.0	30	
25/05/23	13:00	26.1	26.1	24.6	53	0.0	4.8	NE	2.41	16.1	NNE	28.0	0.0	0.0	1012.8	0.00	0.0	0.000	0.000	24.7	58	0.0	0.0	0.00	0.0000	---	---	---	---	695	1	100.0	30	
25/05/23	13:30	25.6	26.4	25.6	53	0.0	6.4	NE	3.22	17.7	NNE	27.3	0.0	0.0	1012.4	0.00	0.0	0.000	0.000	24.9	58	0.0	0.0	0.00	0.0000	---	---	---	---	697	1	100.0	30	
25/05/23	14:00	26.7	26.7	25.4	59	0.0	8.0	NNE	4.02	22.5	ENE	28.6	0.0	0.0	1012.4	0.00	0.0	0.000	0.000	25.2	58	0.0	0.0	0.00	0.0000	---	---	---	---	696	1	100.0	30	
25/05/23	14:30	25.9	26.8	25.9	60	0.0	6.4	NE	3.22	19.3	N	27.8	0.0	0.0	1012.2	0.00	0.0	0.000	0.000	25.4	58	0.0	0.0	0.00	0.0000	---	---	---	---	698	1	100.0	30	
25/05/23	15:00	26.5	26.5	25.7	58	0.0	8.0	NE	4.02	22.5	NNE	28.4	0.0	0.0	1012.3	0.00	0.0	0.000	0.000	25.8	58	0.0	0.0	0.00	0.0000	---	---	---	---	697	1	100.0	30	
25/05/23	15:30	26.3	26.6	24.9	66	0.0	6.4	NE	3.22	22.5	NE	28.2	0.0	0.0	1012.7	0.00	0.0	0.000	0.000	26.2	57	0.0	0.0	0.00	0.0000	---	---	---	---	698	1	100.0	30	
25/05/23	16:00	25.9	26.3	23.6	62	0.0	3.2	E	1.61	17.7	E	27.9	0.0	0.0	1012.0	0.00	0.0	0.000	0.000	26.5	57	0.0	0.0	0.00	0.0000	---	---	---	---	694	1	100.0	30	
25/05/23	16:30	24.7	26.3	24.7	62	0.0	4.8	ENE	2.41	16.1	NNE	26.5	0.0	0.0	1012.2	0.00	0.0	0.000	0.000	26.6	57	0.0	0.0	0.00	0.0000	---	---	---	---	697	1	100.0	30	
25/05/23	17:00	23.3	24.8	23.3	67	0.0	4.8	S	2.41	16.1	S	24.9	0.0	0.0	1013.0	0.00	0.0	0.000	0.000	26.3	57	0.0	0.0	0.00	0.0000	---	---	---	---	697	1	100.0	30	
25/05/23	17:30	18.5	23.3	17.6	80	0.0	6.4	ESE	3.22	22.5	SSW	19.2	0.0	0.0	1012.9	0.00	0.0	0.000	0.000	25.9	57	0.0	0.0	0.00	0.0000	---	---	---	---	696	1	100.0	30	
25/05/23	18:00	19.9	19.9	18.5	81	0.0	3.2	SE	1.61	6.4	SE	21.3	0.0	0.0	1012.8	0.00	0.0	0.000	0.000	25.6	58	0.0	0.0	0.00	0.0000	---	---	---	---	696	1	100.0	30	
25/05/23	18:30	19.4	20.4	19.3	88	0.0	1.6	SW	0.80	11.3	SW	21.2	0.0	0.0	1012.6	0.00	0.0	0.000	0.000	25.3	58	0.0	0.0	0.00	0.0000	---	---	---	---	697	1	100.0	30	
25/05/23	19:00	19.1	19.3	19.1	85	0.0	4.8	SSW	2.41	11.3	SW	20.1	0.0	0.0	1013.3	0.00	0.0	0.000	0.000	25.1	58	0.0	0.0	0.00	0.0000	---	---	---	---	697	1	100.0	30	
25/05/23	19:30	19.8	19.9	19.2	73	0.0	4.8	SSW	2.41	14.5	SSE	20.9	0.0	0.0	1013.3	0.00	0.0	0.000	0.000	24.8	58	0.0	0.0	0.00	0.0000	---	---	---	---	695	1	100.0	30	
25/05/23	20:00	19.3	19.8	19.3	76	0.0	6.4	S	3.22	17.7	SSW	20.1	0.0	0.0	1013.3	0.00	0.0	0.000	0.000	24.6	58	0.0	0.0	0.00	0.0000	---	---	---	---	698	1	100.0	30	
25/05/23	20:30	20.1	20.1	19.2	62	0.0	8.0	S	4.02	20.9	SSE	20.8	0.0	0.0	1013.2	0.00	0.0	0.000	0.000	24.4	58	0.0	0.0	0.00	0.0000	---	---	---	---	694	1	100.0	30	
25/05/23	21:00	20.2	20.2	19.9	58	0.0	6.4	S	3.22	17.7	SSE	21.2	0.0	0.0	1013.2	0.00	0.0	0.000	0.000	24.2	58	0.0	0.0	0.00	0.0000	---	---	---	---	695	1	100.0	30	
25/05/23	21:30	19.9	20.5	19.8	56	0.0	1.6	SSE	0.80	8.0	SSE	21.8	0.0	0.0	1013.4	0.00	0.0	0.000	0.000	24.1	58	0.0	0.0	0.00	0.0000	---	---	---	---	695	1	100.0	30	
25/05/23	22:00	19.9	20.3	19.5	57	0.0	6.4	SSW	3.22	20.9	SSE	20.9	0.0	0.0	1013.8	0.00	0.0	0.000	0.000	23.9	58	0.0	0.0	0.00	0.0000	---	---	---	---	698	1	100.0	30	
25/05/23	22:30	20.2	20.4	19.9	55	0.0	6.4	S	3.22	17.7	S	21.2	0.0	0.0	1013.9	0.00	0.0	0.000	0.000	23.7	57	0.0	0.0	0.00	0.0000	---	---	---	---	695	1	100.0	30	
25/05/23	23:00	20.3	20.3	19.8	53	0.0	4.8	SSW	2.41	14.5	S	21.4	0.0	0.0	1013.9	0.00	0.0	0.000	0.000	23.6	57	0.0	0.0	0.00	0.0000	---	---	---	---	695	1	100.0	30	
25/05/23	23:30	19.8	20.3	19.8	55	0.0	4.8	S	2.41	9.7	S	20.9	0.0	0.0	1013.8	0.00	0.0	0.000	0.000	23.4	57	0.0	0.0	0.00	0.0000	---	---	---	---	696	1	100.0	30	
26/05/23	00:00	19.9	19.9	19.7	54	0.0	4.8	SSW	2.41	11.3	SSW	21.0	0.0	0.0	1013.8	0.00	0.0	0.000	0.000	23.3	57	0.0	0.0	0.00	0.0000	---	---	---	---	699	1	100.0	30	
26/05/23	00:30	18.2	19.9	18.2	63	0.0	4.8	SSW	2.41	11.3	S	19.0	0.0	0.0	1013.6	0.00	0.0	0.000	0.000	23.2	57	0.0	0.0	0.00	0.0000	---	---	---	---	691	1	100.0	30	
26/05/23	01:00	18.8	19.0	18.2	59	0.0	4.8	SSW	2.41	9.7	SSE	19.8	0.0	0.0	1013.6	0.00	0.0	0.000	0.000	23.1	57	0.0	0.0	0.00	0.0000	---	---	---	---	695	1	100.0	30	
26/05/23	01:30	18.4	18.9	18.2	61	0.0	4.8	SSW	2.41	11.3	WSW	19.4	0.0	0.0	1013.5	0.00	0.0	0.000	0.000	23.1	57	0.0	0.0	0.00	0.0000	---	---	---	---	697	1	100.0	30	
26/05/23	02:00	18.6	18.6	17.7	59	0.0	4.8	SSW	2.41	11.3	SSW	19.5	0.0	0.0	1013.4	0.00	0.0	0.000	0.000	22.9	57	0.0	0.0	0.00	0.0000	---	---	---	---	698	1	100.0	30	
26/05/23	02:30	19.3	19.3	18.4	56	0.0	4.8	SSW	2.41	11.3	SSE	20.3	0.0	0.0	1013.2	0.00	0.0	0.000	0.000	22.8	57	0.0	0.0	0.00	0.0000	---	---	---	---	698	1	100.0	30	
26/05/23	03:00	19.7	20.1	19.3	52	0.0	6.4	SSW	3.22	12.9	SSE	20.6	0.0	0.0	1013.1	0.00	0.0	0.000	0.000	22.7	57	0.0	0.0	0.00	0.0000	---	---	---	---	694	1	100.0	30	
26/05/23	03:30	19.7	19.7	19.4	52	0.0	6.4	SSW	3.22	12.9	S	20.6	0.0	0.0	1013.1	0.00	0.0	0.000	0.000	22.7	56	0.0	0.0	0.00	0.0000	---	---	---	---	696	1	100.0	30	
26/05/23	04:00	19.6	19.8	19.6	53	0.0	4.8	SSW	2.41	11.3	SSW	20.7	0.0	0.0	1012.8	0.00	0.0	0.000	0.000	22.6	56	0.0	0.0	0.00	0.0000	---	---	---	---	696	1	100.0	30	
26/05/23	04:30	18.8	19.7	18.8	57	0.0	4.8	SSW	2.41	12.9	S	19.7	0.0	0.0	1012.8	0.00	0.0	0.000	0.000	22.6	56	0.0	0.0	0.00	0.0000	---	---	---	---	697	1	100.0	30	
26/05/23	05:00	19.6	19.6	18.7	53	0.0	4.8	SSW	2.41	12.9	SSW	20.7	0.0	0.0	1012.7	0.00	0.0	0.000	0.000	22.5	56	0.0	0.0	0.00	0.0000	---	---	---	---	696	1	100.0	30	
26/05/23	05:30	19.9	20.0	19.6	50	0.0	4.8	SSW	2.41	11.3	S	21.0	0.0	0.0	1012.8	0.00	0.0	0.000	0.000	22.4	56	0.0	0.0	0.00	0.0000	---	---	---	---	698	1	100.0	30	
26/05/23	06:00	19.8	19.9	19.7	50	0.0	4.8	SSW	2.41	12.9	SSE	20.9	0.0	0.0	1013.3	0.00	0.0	0.000	0.000	22.4	56	0.0	0.0	0.00	0.0000	---	---	---	---	696	1	100.0	30	
26/05/23	06:30	19.8	19.8	19.5	52	0.0	6.4	SSW	3.22	11.3	SSW	20.7	0.0	0.0	1013.0	0.00	0.0	0.000	0.000	22.4	56	0.0	0.0	0.00	0.0000	---	---	---	---	697	1	100.0	30	
26/05/23	07:00	20.6	20.6	19.7	52	0.0	4.8	SSW	2.41	11.3	SSW	21.8	0.0	0.0	1013.4	0.00	0.0	0.000	0.000	22.4	56	0.0	0.0	0.00	0.0000	---	---	---	---	695	1	100.0	30	
26/05/23	07:30	22.1	22.1	20.6	50	0.0	3.2	SSW	1.61	11.3	S	23.7	0.0	0.0	1013.5	0.00	0.0	0.000	0.000	22.6	55	0.0	0.0	0.00	0.0000	---	---	---	---	697	1	100.0	30	
26/05/23	08:00	23.3	23.3	22.1	47	0.0	3.2	SSW	1.61	8.0	SSE	25.1	0.0	0.0	1013.7	0.00	0.0	0.000	0.000	23.0	56	0.0	0.0	0.00	0.0000	---	---	---	---	698	1	100.0	30	
26/05/23	08:30	23.5	23.8	23.3	46	0.0	1.6	S	0.80	8.0	SW	25.5	0.0	0.0	1014.0	0.00	0.0	0.000	0.000	23.5	55	0.0	0.0	0.00	0.0000	---	---	---	---	694	1	100.0	30	
26/05/23	09:00	23.4	23.7	23.3	53	0.0	3.2	NE	1.61	8.0	NE	25.2	0.0	0.0	1014.3	0.00	0.0	0.000	0.000	23.8	55	0.0	0.0	0.00	0.0000	---	---	---	---	696	1	100.0	30	
26/05/23	09:30	23.6	23.9	23.4	53	0.0	3.2	NE	1.61	12.9	NNE	25.4	0.0	0.0	1014.2	0.00	0.0	0.000	0.000	24.0	55	0.0	0.0	0.00	0.0000	---	---	---	---	694	1	100.0	30	
26/05/23	10:00	24.2	24.5	23.4	49	0.0	4.8	NNE	2.41	12.9	NNE	25.9	0.0	0.0	1014.2	0.00	0.0	0.000	0.000	24.1	55	0.0	0.0	0.00	0.0000	---	---	---	---	696	1	100.0	30	
26/05/23	10:30	24.7	24.9	23.9	49	0.0	3.2	NNE	1.61	9.7	ENE	26.5	0.0	0.0	1014.0	0.00	0.0	0.000	0.000	24.1	55	0.0	0.0	0.00	0.0000	---	---	---	---	697	1	100.0	30	
26/05/23	11:00	25.1	25.4	24.7	47	0.0	4.8	NE	2.41	12.9	NNE	26.8	0.0	0.0	1014.0	0.00	0.0	0.000	0.000	24.2	55	0.0	0.0	0.00	0.0000	---	---	---	---	697	1	100.0	30	
26/05/23	11:30	25.4	26.0	25.1	46	0.0	6.4	NE	3.22	17.7	NNE	27.1	0.0	0.0	1013.9	0.00	0.0	0.000	0.000	24.4	55	0.0	0.0	0.00	0.0000	---	---	---	---	697	1	100.0	30	
26/05/23	12:00	25.8	26.2	25.4	45	0.0	6.4	NE	3.22	20.9	NE	27.7	0.0	0.0	1013.8	0.00	0.0	0.000	0.000	24.6	55	0.0	0.0	0.00	0.0000	---	---	---	---	698	1	100.0	30	
26/05/23	12:30	26.7	26.8	25.8	43	0.0	6.4	NE	3.22	19.3	NNE	28.6	0.0	0.0	1013.9	0.00	0.0	0.000	0.000	24.8	55	0.0	0.0	0.00	0.0000	---	---	---	---	697	1	100.0	30	
26/05/23	13:00	27.3	27.4	26.1	45	0.0	6.4	NE	3.22	16.1	N	29.3	0.0	0.0	1013.8	0.00	0.0	0.000	0.000	25.1	55	0.0	0.0	0.00	0.0000	---	---	---	---	695	1	100.0	30	
26/05/23	13:30	27.6	27.6	26.6	49	0.0	8.0	NE	4.02	20.9	NNE	29.6	0.0	0.0	1013.6	0.00	0.0	0.000	0.000	25.4	55	0.0	0.0	0.00	0.0000	---	---	---	---	696	1	100.0	30	
26/05/23	14:00	27.1	27.6	26.8	52	0.0	8.0	NE	4.02	25.7	NNW	29.0	0.0	0.0	1013.2	0.00	0.0	0.000	0.000	25.7	55	0.0	0.0	0.00	0.0000	---	---	---	---	697	1	100.0	30	
26/05/23	14:30	27.3	28.1	26.9	54	0.0	8.0	NE	4.02	25.7	NE	29.3	0.0	0.0	1013.0	0.00	0.0	0.000	0.000	25.9	55	0.0	0.0	0.00	0.0000	---	---	---	---	697	1	100.0	30	
26/05/23	15:00	27.2	28.7	26.9	49	0.0	6.4	NE	3.22	25.7	ENE	29.3	0.0	0.0	1013.0	0.00	0.0	0.000	0.000	26.2	55	0.0	0.0	0.00	0.0000	---	---	---	---	697	1	100.0	30	
26/05/23	15:30	27.7	27.8	26.8	55	0.0	4.8	ENE	2.41	22.5	E	29.9	0.0	0.0	1012.6	0.00	0.0	0.000	0.000	26.6	54	0.0	0.0	0.00	0.0000	---	---	---	---	697	1	100.0	30	
26/05/23	16:00	27.6	27.8	26.9	55	0.0	8.0	NE	4.02	20.9	ENE	29.6	0.0	0.0	1012.4	0.00	0.0	0.000	0.000	27.2	54	0.0	0.0	0.00	0.0000	---	---	---	---	697	1	100.0	30	
26/05/23	16:30	26.3	27.9	26.3	55	0.0	8.0	ENE	4.02	19.3	ENE	28.2	0.0	0.0	1012.4	0.00	0.0	0.000	0.000	27.4	54	0.0	0.0	0.00	0.0000	---	---	---	---	696	1	100.0	30	
26/05/23	17:00	24.9	26.3	24.9	59	0.0	6.4	NE	3.22	20.9	N	26.6	0.0	0.0	1012.4	0.00	0.0	0.000	0.000	27.0	54	0.0	0.0	0.00	0.0000	---	---	---	---	695	1	100.0	30	
26/05/23	17:30	24.7	25.0	24.6	59	0.0	3.2	ENE	1.61	12.9	E	26.5	0.0	0.0	1012.2	0.00	0.0	0.000	0.000	26.7	54	0.0	0.0	0.00	0.0000	---	---	---	---	698	1	100.0	30	
26/05/23	18:00	25.2	25.4	24.7	57	0.0	3.2	E	1.61	12.9	NNE	27.1	0.0	0.0	1012.2	0.00	0.0	0.000	0.000	26.9	54	0.0	0.0	0.00	0.0000	---	---	---	---	693	1	100.0	30	
26/05/23	18:30	24.0	25.6	24.0	60	0.0	4.8	NNE	2.41	12.9	ENE	25.7	0.0	0.0	1012.2	0.00	0.0	0.000	0.000	26.9	54	0.0	0.0	0.00	0.0000	---	---	---	---	697	1	100.0	30	
26/05/23	19:00	22.2	24.0	22.2	71	0.0	4.8	WSW	2.41	12.9	WSW	23.6	0.0	0.0	1012.4	0.00	0.0	0.000	0.000	26.7	54	0.0	0.0	0.00	0.0000	---	---	---	---	697	1	100.0	30	
26/05/23	19:30	21.7	22.2	21.7	72	0.0	3.2	SW	1.61	11.3	W	23.3	0.0	0.0	1012.3	0.00	0.0	0.000	0.000	26.3	55	0.0	0.0	0.00	0.0000	---	---	---	---	698	1	100.0	30	
26/05/23	20:00	21.4	21.8	21.4	72	0.0	1.6	SW	0.80	6.4	SSW	23.4	0.0	0.0	1012.5	0.00	0.0	0.000	0.000	26.0	55	0.0	0.0	0.00	0.0000	---	---	---	---	698	1	100.0	30	
26/05/23	20:30	20.8	21.5	20.8	73	0.0	1.6	SW	0.80	4.8	WSW	22.7	0.0	0.0	1012.3	0.00	0.0	0.000	0.000	25.8	55	0.0	0.0	0.00	0.0000	---	---	---	---	694	1	100.0	30	
26/05/23	21:00	20.6	20.8	20.5	74	0.0	1.6	SW	0.80	6.4	SW	22.4	0.0	0.0	1012.3	0.00	0.0	0.000	0.000	25.5	55	0.0	0.0	0.00	0.0000	---	---	---	---	697	1	100.0	30	
26/05/23	21:30	20.2	20.6	20.2	75	0.0	1.6	SW	0.80	4.8	SW	22.1	0.0	0.0	1012.5	0.00	0.0	0.000	0.000	25.3	55	0.0	0.0	0.00	0.0000	---	---	---	---	695	1	100.0	30	
26/05/23	22:00	20.2	20.3	20.1	75	0.0	1.6	SW	0.80	4.8	SSW	22.0	0.0	0.0	1012.5	0.00	0.0	0.000	0.000	25.1	55	0.0	0.0	0.00	0.0000	---	---	---	---	699	1	100.0	30	
26/05/23	22:30	20.2	20.2	20.1	75	0.0	3.2	SW	1.61	6.4	S	21.6	0.0	0.0	1012.7	0.00	0.0	0.000	0.000	24.9	55	0.0	0.0	0.00	0.0000	---	---	---	---	696	1	100.0	30	
26/05/23	23:00	19.7	20.2	19.7	75	0.0	4.8	SSW	2.41	12.9	SW	20.8	0.0	0.0	1012.8	0.00	0.0	0.000	0.000	24.8	55	0.0	0.0	0.00	0.0000	---	---	---	---	694	1	100.0	30	
26/05/23	23:30	20.2	20.2	19.7	74	0.0	4.8	SSW	2.41	12.9	SW	21.3	0.0	0.0	1012.8	0.00	0.0	0.000	0.000	24.6	56	0.0	0.0	0.00	0.0000	---	---	---	---	695	1	100.0	30	
27/05/23	00:00	20.6	20.6	20.1	71	0.0	3.2	S	1.61	11.3	S	22.0	0.0	0.0	1012.9	0.00	0.0	0.000	0.000	24.4	56	0.0	0.0	0.00	0.0000	---	---	---	---	694	1	100.0	30	
27/05/23	00:30	20.7	20.8	20.5	70	0.0	4.8	S	2.41	19.3	S	21.9	0.0	0.0	1012.8	0.00	0.0	0.000	0.000	24.3	56	0.0	0.0	0.00	0.0000	---	---	---	---	694	1	100.0	30	
27/05/23	01:00	20.6	20.8	20.6	71	0.0	6.4	S	3.22	16.1	S	21.6	0.0	0.0	1012.6	0.00	0.0	0.000	0.000	24.2	56	0.0	0.0	0.00	0.0000	---	---	---	---	698	1	100.0	30	
27/05/23	01:30	20.8	20.8	20.5	69	0.0	4.8	SSW	2.41	12.9	S	22.1	0.0	0.0	1012.5	0.00	0.0	0.000	0.000	24.1	56	0.0	0.0	0.00	0.0000	---	---	---	---	693	1	100.0	30	
27/05/23	02:00	20.7	21.1	20.7	69	0.0	1.6	S	0.80	9.7	S	22.5	0.0	0.0	1012.4	0.00	0.0	0.000	0.000	24.0	56	0.0	0.0	0.00	0.0000	---	---	---	---	697	1	100.0	30	
27/05/23	02:30	19.3	20.7	19.3	74	0.0	0.0	S	0.00	3.2	S	25.1	0.0	0.0	1012.4	0.00	0.0	0.000	0.000	23.9	56	0.0	0.0	0.00	0.0000	---	---	---	---	698	1	100.0	30	
27/05/23	03:00	19.3	19.4	19.2	74	0.0	1.6	S	0.80	4.8	ESE	21.1	0.0	0.0	1012.1	0.00	0.0	0.000	0.000	23.8	56	0.0	0.0	0.00	0.0000	---	---	---	---	697	1	100.0	30	
27/05/23	03:30	19.8	19.9	19.3	72	0.0	3.2	E	1.61	8.0	E	21.2	0.0	0.0	1011.9	0.00	0.0	0.000	0.000	23.7	56	0.0	0.0	0.00	0.0000	---	---	---	---	696	1	100.0	30	
27/05/23	04:00	20.0	20.1	19.8	70	0.0	3.2	E	1.61	9.7	S	21.4	0.0	0.0	1011.7	0.00	0.0	0.000	0.000	23.7	56	0.0	0.0	0.00	0.0000	---	---	---	---	695	1	100.0	30	
27/05/23	04:30	19.4	20.2	19.4	67	0.0	1.6	E	0.80	8.0	ENE	21.2	0.0	0.0	1011.7	0.00	0.0	0.000	0.000	23.6	56	0.0	0.0	0.00	0.0000	---	---	---	---	697	1	100.0	30	
27/05/23	05:00	18.9	19.6	18.9	63	0.0	0.0	S	0.00	4.8	S	24.9	0.0	0.0	1011.6	0.00	0.0	0.000	0.000	23.5	56	0.0	0.0	0.00	0.0000	---	---	---	---	697	1	100.0	30	
27/05/23	05:30	19.6	19.6	18.9	57	0.0	3.2	SE	1.61	9.7	SSE	21.0	0.0	0.0	1011.7	0.00	0.0	0.000	0.000	23.4	56	0.0	0.0	0.00	0.0000	---	---	---	---	699	1	100.0	30	
27/05/23	06:00	18.4	19.7	18.4	61	0.0	1.6	S	0.80	4.8	S	20.1	0.0	0.0	1011.8	0.00	0.0	0.000	0.000	23.3	55	0.0	0.0	0.00	0.0000	---	---	---	---	694	1	100.0	30	
27/05/23	06:30	18.6	18.6	17.7	63	0.0	4.8	S	2.41	9.7	SSW	19.6	0.0	0.0	1012.0	0.00	0.0	0.000	0.000	23.3	55	0.0	0.0	0.00	0.0000	---	---	---	---	698	1	100.0	30	
27/05/23	07:00	20.6	20.6	18.6	58	0.0	6.4	S	3.22	16.1	S	21.6	0.0	0.0	1012.2	0.00	0.0	0.000	0.000	23.3	55	0.0	0.0	0.00	0.0000	---	---	---	---	697	1	100.0	30	
27/05/23	07:30	22.1	22.1	20.6	56	0.0	1.6	SSE	0.80	6.4	S	24.0	0.0	0.0	1012.3	0.00	0.0	0.000	0.000	23.4	55	0.0	0.0	0.00	0.0000	---	---	---	---	698	1	100.0	30	
27/05/23	08:00	23.1	23.1	22.1	56	0.0	1.6	SW	0.80	6.4	SW	25.0	0.0	0.0	1012.5	0.00	0.0	0.000	0.000	23.9	55	0.0	0.0	0.00	0.0000	---	---	---	---	695	1	100.0	30	
27/05/23	08:30	24.3	24.3	23.1	46	0.0	1.6	S	0.80	8.0	S	26.3	0.0	0.0	1012.6	0.00	0.0	0.000	0.000	24.2	54	0.0	0.0	0.00	0.0000	---	---	---	---	696	1	100.0	30	
27/05/23	09:00	24.3	24.4	24.0	47	0.0	3.2	S	1.61	11.3	WSW	26.2	0.0	0.0	1012.7	0.00	0.0	0.000	0.000	24.5	54	0.0	0.0	0.00	0.0000	---	---	---	---	696	1	100.0	30	
27/05/23	09:30	24.2	24.5	24.1	54	0.0	3.2	SSW	1.61	11.3	WSW	26.0	0.0	0.0	1012.8	0.00	0.0	0.000	0.000	24.6	54	0.0	0.0	0.00	0.0000	---	---	---	---	696	1	100.0	30	
27/05/23	10:00	23.8	24.7	23.8	58	0.0	3.2	NNE	1.61	14.5	NE	25.6	0.0	0.0	1012.7	0.00	0.0	0.000	0.000	24.6	54	0.0	0.0	0.00	0.0000	---	---	---	---	697	1	100.0	30	
27/05/23	10:30	25.4	25.4	23.8	57	0.0	3.2	ENE	1.61	9.7	ENE	27.4	0.0	0.0	1012.6	0.00	0.0	0.000	0.000	24.6	54	0.0	0.0	0.00	0.0000	---	---	---	---	696	1	100.0	30	
27/05/23	11:00	25.2	25.8	25.1	58	0.0	3.2	ENE	1.61	12.9	ENE	27.1	0.0	0.0	1012.5	0.00	0.0	0.000	0.000	24.5	54	0.0	0.0	0.00	0.0000	---	---	---	---	697	1	100.0	30	
27/05/23	11:30	26.1	26.4	24.8	55	0.0	4.8	NE	2.41	16.1	NNE	28.0	0.0	0.0	1012.5	0.00	0.0	0.000	0.000	24.5	54	0.0	0.0	0.00	0.0000	---	---	---	---	694	1	100.0	30	
27/05/23	12:00	26.7	26.7	25.7	50	0.0	4.8	NNE	2.41	16.1	ENE	28.7	0.0	0.0	1012.5	0.00	0.0	0.000	0.000	24.6	54	0.0	0.0	0.00	0.0000	---	---	---	---	697	1	100.0	30	
27/05/23	12:30	26.7	27.1	25.9	49	0.0	4.8	NNE	2.41	12.9	N	28.7	0.0	0.0	1012.4	0.00	0.0	0.000	0.000	24.6	54	0.0	0.0	0.00	0.0000	---	---	---	---	696	1	100.0	30	
27/05/23	13:00	26.9	27.4	26.2	48	0.0	4.8	NNE	2.41	17.7	NE	29.0	0.0	0.0	1012.0	0.00	0.0	0.000	0.000	24.8	54	0.0	0.0	0.00	0.0000	---	---	---	---	698	1	100.0	30	
27/05/23	13:30	26.6	28.6	26.4	48	0.0	4.8	NE	2.41	20.9	NNW	28.5	0.0	0.0	1011.8	0.00	0.0	0.000	0.000	24.9	54	0.0	0.0	0.00	0.0000	---	---	---	---	696	1	100.0	30	
27/05/23	14:00	26.4	27.4	26.3	47	0.0	3.2	NE	1.61	9.7	E	28.4	0.0	0.0	1011.7	0.00	0.0	0.000	0.000	25.0	54	0.0	0.0	0.00	0.0000	---	---	---	---	698	1	100.0	30	
27/05/23	14:30	27.1	27.1	25.8	46	0.0	1.6	W	0.80	4.8	NE	29.2	0.0	0.0	1011.5	0.00	0.0	0.000	0.000	25.0	54	0.0	0.0	0.00	0.0000	---	---	---	---	697	1	100.0	30	
27/05/23	15:00	26.3	27.1	26.2	52	0.0	6.4	NE	3.22	17.7	E	28.2	0.0	0.0	1011.2	0.00	0.0	0.000	0.000	25.2	54	0.0	0.0	0.00	0.0000	---	---	---	---	698	1	100.0	30	
27/05/23	15:30	26.0	27.7	26.0	51	0.0	8.0	NE	4.02	22.5	N	27.8	0.0	0.0	1011.2	0.00	0.0	0.000	0.000	25.6	54	0.0	0.0	0.00	0.0000	---	---	---	---	699	1	100.0	30	
27/05/23	16:00	26.9	27.2	25.9	50	0.0	8.0	NE	4.02	20.9	NNW	28.8	0.0	0.0	1010.9	0.00	0.0	0.000	0.000	26.2	54	0.0	0.0	0.00	0.0000	---	---	---	---	696	1	100.0	30	
27/05/23	16:30	25.6	27.5	25.6	52	0.0	6.4	NE	3.22	19.3	NNE	27.4	0.0	0.0	1011.1	0.00	0.0	0.000	0.000	26.3	54	0.0	0.0	0.00	0.0000	---	---	---	---	698	1	100.0	30	
27/05/23	17:00	24.6	25.6	24.4	54	0.0	6.4	NE	3.22	17.7	NNW	26.2	0.0	0.0	1011.3	0.00	0.0	0.000	0.000	26.0	54	0.0	0.0	0.00	0.0000	---	---	---	---	698	1	100.0	30	
27/05/23	17:30	23.1	24.6	23.1	63	0.0	4.8	ENE	2.41	16.1	E	24.6	0.0	0.0	1011.3	0.00	0.0	0.000	0.000	25.7	54	0.0	0.0	0.00	0.0000	---	---	---	---	696	1	100.0	30	
27/05/23	18:00	21.8	23.1	21.8	67	0.0	4.8	ENE	2.41	14.5	SSE	23.1	0.0	0.0	1010.9	0.00	0.0	0.000	0.000	25.5	54	0.0	0.0	0.00	0.0000	---	---	---	---	698	1	100.0	30	
27/05/23	18:30	22.1	22.1	21.8	62	0.0	4.8	ENE	2.41	14.5	ENE	23.5	0.0	0.0	1011.0	0.00	0.0	0.000	0.000	25.2	54	0.0	0.0	0.00	0.0000	---	---	---	---	696	1	100.0	30	
27/05/23	19:00	22.6	22.6	22.1	61	0.0	3.2	NE	1.61	16.1	ESE	24.2	0.0	0.0	1011.4	0.00	0.0	0.000	0.000	25.1	54	0.0	0.0	0.00	0.0000	---	---	---	---	696	1	100.0	30	
27/05/23	19:30	22.5	22.6	22.3	64	0.0	1.6	WSW	0.80	6.4	WSW	24.5	0.0	0.0	1011.5	0.00	0.0	0.000	0.000	25.0	54	0.0	0.0	0.00	0.0000	---	---	---	---	696	1	100.0	30	
27/05/23	20:00	21.9	22.5	21.9	65	0.0	3.2	S	1.61	12.9	SSE	23.5	0.0	0.0	1011.4	0.00	0.0	0.000	0.000	24.9	54	0.0	0.0	0.00	0.0000	---	---	---	---	696	1	100.0	30	
27/05/23	20:30	20.8	21.9	20.7	71	0.0	3.2	SW	1.61	6.4	SW	22.3	0.0	0.0	1011.6	0.00	0.0	0.000	0.000	24.7	54	0.0	0.0	0.00	0.0000	---	---	---	---	699	1	100.0	30	
27/05/23	21:00	20.3	20.7	20.2	72	0.0	4.8	SSW	2.41	11.3	S	21.5	0.0	0.0	1011.6	0.00	0.0	0.000	0.000	24.6	54	0.0	0.0	0.00	0.0000	---	---	---	---	696	1	100.0	30	
27/05/23	21:30	20.5	20.5	20.3	69	0.0	4.8	SSW	2.41	11.3	S	21.7	0.0	0.0	1011.9	0.00	0.0	0.000	0.000	24.4	54	0.0	0.0	0.00	0.0000	---	---	---	---	698	1	100.0	30	
27/05/23	22:00	20.6	20.6	20.4	67	0.0	4.8	S	2.41	11.3	S	21.8	0.0	0.0	1012.0	0.00	0.0	0.000	0.000	24.3	54	0.0	0.0	0.00	0.0000	---	---	---	---	696	1	100.0	30	
27/05/23	22:30	20.4	20.6	20.3	69	0.0	4.8	SSW	2.41	11.3	S	21.6	0.0	0.0	1012.2	0.00	0.0	0.000	0.000	24.2	54	0.0	0.0	0.00	0.0000	---	---	---	---	696	1	100.0	30	
27/05/23	23:00	20.4	20.6	20.4	68	0.0	3.2	SSW	1.61	8.0	SSW	21.9	0.0	0.0	1012.0	0.00	0.0	0.000	0.000	24.1	54	0.0	0.0	0.00	0.0000	---	---	---	---	697	1	100.0	30	
27/05/23	23:30	19.8	20.4	19.8	69	0.0	1.6	SW	0.80	4.8	SW	21.6	0.0	0.0	1011.8	0.00	0.0	0.000	0.000	24.0	54	0.0	0.0	0.00	0.0000	---	---	---	---	695	1	100.0	30	
28/05/23	00:00	19.9	19.9	19.8	68	0.0	1.6	S	0.80	4.8	SSW	21.8	0.0	0.0	1011.5	0.00	0.0	0.000	0.000	23.9	55	0.0	0.0	0.00	0.0000	---	---	---	---	695	1	100.0	30	
28/05/23	00:30	19.6	20.0	19.6	70	0.0	0.0	S	0.00	3.2	S	25.3	0.0	0.0	1011.3	0.00	0.0	0.000	0.000	23.8	55	0.0	0.0	0.00	0.0000	---	---	---	---	696	1	100.0	30	
28/05/23	01:00	19.7	19.7	19.4	69	0.0	0.0	S	0.00	4.8	S	25.4	0.0	0.0	1011.1	0.00	0.0	0.000	0.000	23.7	55	0.0	0.0	0.00	0.0000	---	---	---	---	698	1	100.0	30	
28/05/23	01:30	19.8	19.9	19.7	66	0.0	1.6	S	0.80	8.0	S	21.6	0.0	0.0	1011.0	0.00	0.0	0.000	0.000	23.7	55	0.0	0.0	0.00	0.0000	---	---	---	---	697	1	100.0	30	
28/05/23	02:00	19.8	20.1	19.7	65	0.0	1.6	S	0.80	4.8	S	21.7	0.0	0.0	1010.9	0.00	0.0	0.000	0.000	23.6	55	0.0	0.0	0.00	0.0000	---	---	---	---	696	1	100.0	30	
28/05/23	02:30	19.3	19.8	19.3	68	0.0	1.6	SSW	0.80	6.4	SSW	21.1	0.0	0.0	1010.8	0.00	0.0	0.000	0.000	23.5	55	0.0	0.0	0.00	0.0000	---	---	---	---	697	1	100.0	30	
28/05/23	03:00	19.6	19.8	19.2	68	0.0	1.6	SSW	0.80	4.8	SSW	21.4	0.0	0.0	1010.7	0.00	0.0	0.000	0.000	23.4	55	0.0	0.0	0.00	0.0000	---	---	---	---	696	1	100.0	30	
28/05/23	03:30	18.9	19.5	18.9	70	0.0	0.0	SSW	0.00	4.8	SSW	24.9	0.0	0.0	1010.5	0.00	0.0	0.000	0.000	23.3	55	0.0	0.0	0.00	0.0000	---	---	---	---	695	1	100.0	30	
28/05/23	04:00	19.2	19.2	18.6	71	0.0	0.0	SSW	0.00	4.8	SSW	25.0	0.0	0.0	1010.6	0.00	0.0	0.000	0.000	23.3	55	0.0	0.0	0.00	0.0000	---	---	---	---	697	1	100.0	30	
28/05/23	04:30	18.6	19.2	18.6	72	0.0	0.0	SSW	0.00	6.4	SW	24.7	0.0	0.0	1010.5	0.00	0.0	0.000	0.000	23.2	55	0.0	0.0	0.00	0.0000	---	---	---	---	696	1	100.0	30	
28/05/23	05:00	18.7	18.9	18.6	71	0.0	1.6	SSW	0.80	4.8	SSW	20.5	0.0	0.0	1010.6	0.00	0.0	0.000	0.000	23.1	55	0.0	0.0	0.00	0.0000	---	---	---	---	696	1	100.0	30	
28/05/23	05:30	18.6	18.8	18.5	71	0.0	1.6	S	0.80	4.8	S	20.4	0.0	0.0	1010.5	0.00	0.0	0.000	0.000	23.1	55	0.0	0.0	0.00	0.0000	---	---	---	---	695	1	100.0	30	
28/05/23	06:00	18.7	18.7	18.4	70	0.0	1.6	WSW	0.80	6.4	SSW	20.4	0.0	0.0	1010.4	0.00	0.0	0.000	0.000	22.9	55	0.0	0.0	0.00	0.0000	---	---	---	---	697	1	100.0	30	
28/05/23	06:30	18.9	18.9	18.4	69	0.0	1.6	SW	0.80	4.8	SW	20.7	0.0	0.0	1010.6	0.00	0.0	0.000	0.000	22.9	55	0.0	0.0	0.00	0.0000	---	---	---	---	698	1	100.0	30	
28/05/23	07:00	20.1	20.2	18.9	65	0.0	0.0	SW	0.00	3.2	SW	25.6	0.0	0.0	1010.9	0.00	0.0	0.000	0.000	22.9	55	0.0	0.0	0.00	0.0000	---	---	---	---	698	1	100.0	30	
28/05/23	07:30	20.6	20.6	20.1	63	0.0	0.0	SW	0.00	3.2	SW	25.9	0.0	0.0	1010.8	0.00	0.0	0.000	0.000	23.2	55	0.0	0.0	0.00	0.0000	---	---	---	---	698	1	100.0	30	
28/05/23	08:00	20.9	21.1	20.6	61	0.0	1.6	NNW	0.80	4.8	N	22.8	0.0	0.0	1011.0	0.00	0.0	0.000	0.000	23.6	54	0.0	0.0	0.00	0.0000	---	---	---	---	696	1	100.0	30	
28/05/23	08:30	21.6	21.7	20.9	61	0.0	1.6	NE	0.80	4.8	NW	23.5	0.0	0.0	1011.1	0.00	0.0	0.000	0.000	23.9	54	0.0	0.0	0.00	0.0000	---	---	---	---	698	1	100.0	30	
28/05/23	09:00	22.4	22.6	21.6	57	0.0	1.6	WNW	0.80	6.4	SW	24.4	0.0	0.0	1011.2	0.00	0.0	0.000	0.000	24.2	54	0.0	0.0	0.00	0.0000	---	---	---	---	697	1	100.0	30	
28/05/23	09:30	22.8	22.8	22.1	57	0.0	1.6	W	0.80	6.4	W	24.8	0.0	0.0	1011.0	0.00	0.0	0.000	0.000	24.2	54	0.0	0.0	0.00	0.0000	---	---	---	---	695	1	100.0	30	
28/05/23	10:00	23.2	23.4	22.6	54	0.0	3.2	WNW	1.61	9.7	NE	24.9	0.0	0.0	1010.8	0.00	0.0	0.000	0.000	24.2	54	0.0	0.0	0.00	0.0000	---	---	---	---	696	1	100.0	30	
28/05/23	10:30	24.1	24.1	23.2	54	0.0	3.2	NNE	1.61	12.9	W	25.9	0.0	0.0	1010.8	0.00	0.0	0.000	0.000	24.2	54	0.0	0.0	0.00	0.0000	---	---	---	---	692	1	100.0	30	
28/05/23	11:00	23.9	24.3	23.4	53	0.0	4.8	NNE	2.41	14.5	NNE	25.5	0.0	0.0	1010.8	0.00	0.0	0.000	0.000	24.2	54	0.0	0.0	0.00	0.0000	---	---	---	---	697	1	100.0	30	
28/05/23	11:30	24.4	24.9	23.7	51	0.0	4.8	NNE	2.41	16.1	NNE	26.1	0.0	0.0	1010.6	0.00	0.0	0.000	0.000	24.2	54	0.0	0.0	0.00	0.0000	---	---	---	---	696	1	100.0	30	
28/05/23	12:00	25.1	25.2	24.3	51	0.0	4.8	NE	2.41	16.1	NNE	26.8	0.0	0.0	1010.5	0.00	0.0	0.000	0.000	24.2	54	0.0	0.0	0.00	0.0000	---	---	---	---	698	1	100.0	30	
28/05/23	12:30	25.6	25.8	24.7	52	0.0	4.8	NNE	2.41	16.1	NE	27.4	0.0	0.0	1010.4	0.00	0.0	0.000	0.000	24.3	54	0.0	0.0	0.00	0.0000	---	---	---	---	692	1	100.0	30	
28/05/23	13:00	24.9	25.8	24.9	52	0.0	6.4	NE	3.22	19.3	N	26.6	0.0	0.0	1010.2	0.00	0.0	0.000	0.000	24.4	54	0.0	0.0	0.00	0.0000	---	---	---	---	696	1	100.0	30	
28/05/23	13:30	24.9	25.8	24.7	56	0.0	6.4	NE	3.22	16.1	NE	26.6	0.0	0.0	1010.1	0.00	0.0	0.000	0.000	24.6	54	0.0	0.0	0.00	0.0000	---	---	---	---	696	1	100.0	30	
28/05/23	14:00	25.3	25.3	24.6	56	0.0	8.0	NE	4.02	19.3	NE	27.0	0.0	0.0	1010.0	0.00	0.0	0.000	0.000	24.7	54	0.0	0.0	0.00	0.0000	---	---	---	---	697	1	100.0	30	
28/05/23	14:30	25.7	25.8	25.2	51	0.0	6.4	NE	3.22	19.3	NE	27.5	0.0	0.0	1009.9	0.00	0.0	0.000	0.000	24.8	54	0.0	0.0	0.00	0.0000	---	---	---	---	696	1	100.0	30	
28/05/23	15:00	26.0	26.5	24.6	51	0.0	6.4	NNE	3.22	17.7	NNE	27.8	0.0	0.0	1009.4	0.00	0.0	0.000	0.000	25.2	54	0.0	0.0	0.00	0.0000	---	---	---	---	698	1	100.0	30	
28/05/23	15:30	26.1	26.4	25.4	53	0.0	6.4	NE	3.22	20.9	NE	27.9	0.0	0.0	1009.1	0.00	0.0	0.000	0.000	25.7	53	0.0	0.0	0.00	0.0000	---	---	---	---	698	1	100.0	30	
28/05/23	16:00	25.0	26.1	24.7	55	0.0	8.0	NE	4.02	20.9	NNE	26.6	0.0	0.0	1009.0	0.00	0.0	0.000	0.000	26.2	53	0.0	0.0	0.00	0.0000	---	---	---	---	693	1	100.0	30	
28/05/23	16:30	25.2	26.4	24.9	56	0.0	6.4	NNE	3.22	20.9	NNE	26.9	0.0	0.0	1009.0	0.00	0.0	0.000	0.000	26.7	53	0.0	0.0	0.00	0.0000	---	---	---	---	697	1	100.0	30	
28/05/23	17:00	25.4	25.5	24.7	56	0.0	6.4	NE	3.22	17.7	N	27.1	0.0	0.0	1009.4	0.00	0.0	0.000	0.000	27.1	52	0.0	0.0	0.00	0.0000	---	---	---	---	699	1	100.0	30	
28/05/23	17:30	24.5	25.4	24.1	58	0.0	6.4	NE	3.22	17.7	N	26.1	0.0	0.0	1009.2	0.00	0.0	0.000	0.000	27.4	52	0.0	0.0	0.00	0.0000	---	---	---	---	695	1	100.0	30	
28/05/23	18:00	24.3	24.4	23.7	60	0.0	4.8	NNE	2.41	11.3	E	26.0	0.0	0.0	1009.2	0.00	0.0	0.000	0.000	27.5	52	0.0	0.0	0.00	0.0000	---	---	---	---	696	1	100.0	30	
28/05/23	18:30	23.3	24.3	23.1	65	0.0	4.8	NNE	2.41	14.5	NNE	24.9	0.0	0.0	1009.1	0.00	0.0	0.000	0.000	27.6	52	0.0	0.0	0.00	0.0000	---	---	---	---	698	1	100.0	30	
28/05/23	19:00	23.1	23.4	22.8	67	0.0	3.2	N	1.61	9.7	NNE	24.8	0.0	0.0	1009.6	0.00	0.0	0.000	0.000	27.4	52	0.0	0.0	0.00	0.0000	---	---	---	---	694	1	100.0	30	
28/05/23	19:30	20.7	23.2	20.7	71	0.0	9.7	SSW	4.83	25.7	SSW	21.4	0.0	0.0	1009.8	0.00	0.0	0.000	0.000	27.1	52	0.0	0.0	0.00	0.0000	---	---	---	---	696	1	100.0	30	
28/05/23	20:00	20.1	20.7	20.1	71	0.0	8.0	S	4.02	19.3	SSE	20.9	0.0	0.0	1009.5	0.00	0.0	0.000	0.000	26.6	53	0.0	0.0	0.00	0.0000	---	---	---	---	696	1	100.0	30	
28/05/23	20:30	19.9	20.1	19.8	68	0.0	6.4	S	3.22	19.3	SSE	20.8	0.0	0.0	1009.2	0.00	0.0	0.000	0.000	26.2	53	0.0	0.0	0.00	0.0000	---	---	---	---	698	1	100.0	30	
28/05/23	21:00	19.6	19.9	19.6	69	0.0	6.4	S	3.22	14.5	SSE	20.5	0.0	0.0	1009.3	0.00	0.0	0.000	0.000	25.8	53	0.0	0.0	0.00	0.0000	---	---	---	---	697	1	100.0	30	
28/05/23	21:30	19.3	19.6	19.2	72	0.0	6.4	SSW	3.22	11.3	SSW	20.1	0.0	0.0	1009.4	0.00	0.0	0.000	0.000	25.6	53	0.0	0.0	0.00	0.0000	---	---	---	---	697	1	100.0	30	
28/05/23	22:00	19.4	19.4	19.2	70	0.0	4.8	SSW	2.41	17.7	S	20.5	0.0	0.0	1009.8	0.00	0.0	0.000	0.000	25.2	53	0.0	0.0	0.00	0.0000	---	---	---	---	696	1	100.0	30	
28/05/23	22:30	19.6	19.7	19.4	70	0.0	4.8	SSW	2.41	12.9	SSE	20.7	0.0	0.0	1010.1	0.00	0.0	0.000	0.000	25.1	53	0.0	0.0	0.00	0.0000	---	---	---	---	698	1	100.0	30	
28/05/23	23:00	19.5	19.6	19.5	70	0.0	3.2	SSW	1.61	8.0	SW	20.9	0.0	0.0	1010.0	0.00	0.0	0.000	0.000	24.8	53	0.0	0.0	0.00	0.0000	---	---	---	---	695	1	100.0	30	
28/05/23	23:30	18.9	19.5	18.9	71	0.0	4.8	SSW	2.41	9.7	SW	19.9	0.0	0.0	1010.1	0.00	0.0	0.000	0.000	24.7	53	0.0	0.0	0.00	0.0000	---	---	---	---	697	1	100.0	30	
29/05/23	00:00	18.9	18.9	18.7	72	0.0	4.8	S	2.41	14.5	S	19.9	0.0	0.0	1010.0	0.00	0.0	0.000	0.000	24.6	53	0.0	0.0	0.00	0.0000	---	---	---	---	696	1	100.0	30	
29/05/23	00:30	18.8	19.1	18.8	72	0.0	4.8	SSW	2.41	14.5	SSE	19.8	0.0	0.0	1010.1	0.00	0.0	0.000	0.000	24.4	53	0.0	0.0	0.00	0.0000	---	---	---	---	696	1	100.0	30	
29/05/23	01:00	18.6	18.9	18.5	73	0.0	4.8	SSW	2.41	9.7	SSW	19.5	0.0	0.0	1010.0	0.00	0.0	0.000	0.000	24.3	53	0.0	0.0	0.00	0.0000	---	---	---	---	698	1	100.0	30	
29/05/23	01:30	18.2	18.6	18.2	74	0.0	4.8	SSW	2.41	9.7	SSW	19.1	0.0	0.0	1009.8	0.00	0.0	0.000	0.000	24.2	53	0.0	0.0	0.00	0.0000	---	---	---	---	693	1	100.0	30	
29/05/23	02:00	18.2	18.3	18.1	75	0.0	3.2	SSW	1.61	11.3	S	19.4	0.0	0.0	1009.7	0.00	0.0	0.000	0.000	24.1	53	0.0	0.0	0.00	0.0000	---	---	---	---	698	1	100.0	30	
29/05/23	02:30	18.3	18.3	18.2	75	0.0	4.8	SSW	2.41	11.3	SSW	19.2	0.0	0.0	1009.4	0.00	0.0	0.000	0.000	23.9	53	0.0	0.0	0.00	0.0000	---	---	---	---	697	1	100.0	30	
29/05/23	03:00	17.7	18.3	17.7	77	0.0	4.8	SSW	2.41	9.7	SW	18.5	0.0	0.0	1009.4	0.00	0.0	0.000	0.000	23.8	54	0.0	0.0	0.00	0.0000	---	---	---	---	699	1	100.0	30	
29/05/23	03:30	18.2	18.2	17.7	75	0.0	6.4	SSW	3.22	14.5	S	18.8	0.0	0.0	1009.2	0.00	0.0	0.000	0.000	23.7	54	0.0	0.0	0.00	0.0000	---	---	---	---	699	1	100.0	30	
29/05/23	04:00	18.1	18.3	18.1	73	0.0	4.8	S	2.41	14.5	SSE	19.0	0.0	0.0	1009.2	0.00	0.0	0.000	0.000	23.6	54	0.0	0.0	0.00	0.0000	---	---	---	---	697	1	100.0	30	
29/05/23	04:30	18.2	18.2	18.1	72	0.0	4.8	SSW	2.41	11.3	S	19.1	0.0	0.0	1009.2	0.00	0.0	0.000	0.000	23.5	54	0.0	0.0	0.00	0.0000	---	---	---	---	696	1	100.0	30	
29/05/23	05:00	18.2	18.3	18.1	72	0.0	3.2	SSW	1.61	8.0	SW	19.4	0.0	0.0	1009.1	0.00	0.0	0.000	0.000	23.4	54	0.0	0.0	0.00	0.0000	---	---	---	---	697	1	100.0	30	
29/05/23	05:30	18.2	18.3	18.2	71	0.0	3.2	SSW	1.61	6.4	SSW	19.4	0.0	0.0	1008.8	0.00	0.0	0.000	0.000	23.4	54	0.0	0.0	0.00	0.0000	---	---	---	---	697	1	100.0	30	
29/05/23	06:00	18.3	18.4	18.2	70	0.0	1.6	SSW	0.80	6.4	SSW	20.1	0.0	0.0	1008.7	0.00	0.0	0.000	0.000	23.3	54	0.0	0.0	0.00	0.0000	---	---	---	---	694	1	100.0	30	
29/05/23	06:30	18.7	18.7	18.3	68	0.0	1.6	SSW	0.80	6.4	SW	20.5	0.0	0.0	1009.0	0.00	0.0	0.000	0.000	23.3	54	0.0	0.0	0.00	0.0000	---	---	---	---	697	1	100.0	30	
29/05/23	07:00	19.6	19.6	18.7	67	0.0	3.2	SSW	1.61	8.0	SSE	20.9	0.0	0.0	1009.0	0.00	0.0	0.000	0.000	23.3	54	0.0	0.0	0.00	0.0000	---	---	---	---	695	1	100.0	30	
29/05/23	07:30	20.3	20.3	19.6	66	0.0	3.2	SSW	1.61	9.7	SW	21.7	0.0	0.0	1009.1	0.00	0.0	0.000	0.000	23.5	53	0.0	0.0	0.00	0.0000	---	---	---	---	697	1	100.0	30	
29/05/23	08:00	21.0	21.1	20.3	64	0.0	4.8	SW	2.41	14.5	WSW	22.3	0.0	0.0	1009.3	0.00	0.0	0.000	0.000	23.8	53	0.0	0.0	0.00	0.0000	---	---	---	---	697	1	100.0	30	
29/05/23	08:30	21.8	21.8	21.0	61	0.0	6.4	SSW	3.22	14.5	WSW	23.0	0.0	0.0	1009.6	0.00	0.0	0.000	0.000	24.1	53	0.0	0.0	0.00	0.0000	---	---	---	---	698	1	100.0	30	
29/05/23	09:00	22.0	22.4	21.8	62	0.0	3.2	SSW	1.61	9.7	SSW	23.6	0.0	0.0	1009.6	0.00	0.0	0.000	0.000	24.3	53	0.0	0.0	0.00	0.0000	---	---	---	---	695	1	100.0	30	
29/05/23	09:30	22.7	22.8	21.8	61	0.0	1.6	NW	0.80	8.0	NE	24.7	0.0	0.0	1009.7	0.00	0.0	0.000	0.000	24.5	53	0.0	0.0	0.00	0.0000	---	---	---	---	698	1	100.0	30	
29/05/23	10:00	22.9	23.1	22.4	62	0.0	3.2	WNW	1.61	11.3	NNE	24.6	0.0	0.0	1009.8	0.00	0.0	0.000	0.000	24.6	53	0.0	0.0	0.00	0.0000	---	---	---	---	697	1	100.0	30	
29/05/23	10:30	22.9	23.8	22.9	62	0.0	3.2	NE	1.61	9.7	NNE	24.6	0.0	0.0	1009.8	0.00	0.0	0.000	0.000	24.7	53	0.0	0.0	0.00	0.0000	---	---	---	---	698	1	100.0	30	
29/05/23	11:00	24.4	24.5	22.8	58	0.0	3.2	W	1.61	12.9	ENE	26.2	0.0	0.0	1009.9	0.00	0.0	0.000	0.000	24.8	53	0.0	0.0	0.00	0.0000	---	---	---	---	695	1	100.0	30	
29/05/23	11:30	24.2	24.6	23.7	59	0.0	4.8	NE	2.41	12.9	N	25.8	0.0	0.0	1009.8	0.00	0.0	0.000	0.000	24.9	53	0.0	0.0	0.00	0.0000	---	---	---	---	699	1	100.0	30	
29/05/23	12:00	23.5	24.4	23.5	61	0.0	4.8	NE	2.41	17.7	NE	25.1	0.0	0.0	1009.8	0.00	0.0	0.000	0.000	25.1	53	0.0	0.0	0.00	0.0000	---	---	---	---	697	1	100.0	30	
29/05/23	12:30	24.4	24.6	22.8	61	0.0	4.8	NNE	2.41	16.1	NNE	26.2	0.0	0.0	1010.0	0.00	0.0	0.000	0.000	25.2	53	0.0	0.0	0.00	0.0000	---	---	---	---	697	1	100.0	30	
29/05/23	13:00	25.2	25.3	24.3	57	0.0	4.8	NNE	2.41	17.7	NNE	27.0	0.0	0.0	1009.6	0.00	0.0	0.000	0.000	25.4	53	0.0	0.0	0.00	0.0000	---	---	---	---	697	1	100.0	30	
29/05/23	13:30	24.7	26.2	24.7	56	0.0	6.4	NNE	3.22	19.3	NE	26.3	0.0	0.0	1009.4	0.00	0.0	0.000	0.000	25.7	53	0.0	0.0	0.00	0.0000	---	---	---	---	697	1	100.0	30	
29/05/23	14:00	24.4	25.7	24.4	59	0.0	6.4	NE	3.22	20.9	ENE	26.0	0.0	0.0	1009.2	0.00	0.0	0.000	0.000	25.9	53	0.0	0.0	0.00	0.0000	---	---	---	---	697	1	100.0	30	
29/05/23	14:30	23.3	24.4	23.3	69	0.0	4.8	NE	2.41	17.7	NNW	24.9	0.0	0.0	1009.2	0.00	0.0	0.000	0.000	25.8	53	0.0	0.0	0.00	0.0000	---	---	---	---	695	1	100.0	30	
29/05/23	15:00	19.4	23.3	19.4	77	0.0	6.4	NE	3.22	35.4	SSW	20.3	0.0	0.0	1010.1	0.00	0.0	0.000	0.000	25.6	54	0.0	0.0	0.00	0.0000	---	---	---	---	698	1	100.0	30	
29/05/23	15:30	15.6	19.4	15.6	87	0.0	14.5	W	7.24	38.6	WSW	14.9	0.0	0.0	1010.2	0.00	0.0	0.000	0.000	25.3	54	0.0	0.0	0.00	0.0000	---	---	---	---	692	1	100.0	30	
29/05/23	16:00	18.7	18.7	15.6	89	0.0	4.8	SSW	2.41	14.5	WSW	19.7	0.0	0.0	1009.6	0.00	0.0	0.000	0.000	25.3	54	0.0	0.0	0.00	0.0000	---	---	---	---	691	1	100.0	30	
29/05/23	16:30	22.7	22.8	18.8	71	0.0	4.8	SSW	2.41	11.3	S	24.1	0.0	0.0	1009.7	0.00	0.0	0.000	0.000	25.7	54	0.0	0.0	0.00	0.0000	---	---	---	---	696	1	100.0	30	
29/05/23	17:00	21.8	23.0	21.8	72	0.0	4.8	SW	2.41	11.3	S	23.1	0.0	0.0	1009.6	0.00	0.0	0.000	0.000	25.9	54	0.0	0.0	0.00	0.0000	---	---	---	---	694	1	100.0	30	
29/05/23	17:30	20.4	21.8	20.4	78	0.0	6.4	SW	3.22	19.3	SSE	21.4	0.0	0.0	1010.0	0.00	0.0	0.000	0.000	25.8	54	0.0	0.0	0.00	0.0000	---	---	---	---	697	1	100.0	30	
29/05/23	18:00	20.7	20.7	20.1	71	0.0	9.7	SSW	4.83	20.9	SSE	21.4	0.0	0.0	1010.3	0.00	0.0	0.000	0.000	25.8	54	0.0	0.0	0.00	0.0000	---	---	---	---	696	1	100.0	30	
29/05/23	18:30	19.8	20.7	19.8	72	0.0	8.0	SSW	4.02	24.1	SW	20.5	0.0	0.0	1010.3	0.00	0.0	0.000	0.000	25.7	54	0.0	0.0	0.00	0.0000	---	---	---	---	696	1	100.0	30	
29/05/23	19:00	19.6	19.8	19.6	73	0.0	6.4	S	3.22	17.7	SSE	20.5	0.0	0.0	1010.5	0.00	0.0	0.000	0.000	25.3	54	0.0	0.0	0.00	0.0000	---	---	---	---	698	1	100.0	30	
29/05/23	19:30	19.6	19.7	19.5	72	0.0	6.4	SSW	3.22	14.5	W	20.5	0.0	0.0	1010.7	0.00	0.0	0.000	0.000	25.1	54	0.0	0.0	0.00	0.0000	---	---	---	---	695	1	100.0	30	
29/05/23	20:00	20.0	20.1	19.6	70	0.0	6.4	SSW	3.22	12.9	SSW	20.9	0.0	0.0	1010.7	0.00	0.0	0.000	0.000	24.9	54	0.0	0.0	0.00	0.0000	---	---	---	---	693	1	100.0	30	
29/05/23	20:30	19.4	20.0	19.4	70	0.0	4.8	SSW	2.41	11.3	S	20.5	0.0	0.0	1010.5	0.00	0.0	0.000	0.000	24.7	54	0.0	0.0	0.00	0.0000	---	---	---	---	695	1	100.0	30	
29/05/23	21:00	18.3	19.6	18.3	74	0.0	1.6	NE	0.80	6.4	NE	20.1	0.0	0.0	1010.2	0.00	0.0	0.000	0.000	24.6	54	0.0	0.0	0.00	0.0000	---	---	---	---	694	1	100.0	30	
29/05/23	21:30	19.4	19.4	18.3	66	0.0	3.2	S	1.61	8.0	S	20.7	0.0	0.0	1010.0	0.00	0.0	0.000	0.000	24.3	54	0.0	0.0	0.00	0.0000	---	---	---	---	695	1	100.0	30	
29/05/23	22:00	18.6	19.4	18.6	69	0.0	4.8	SW	2.41	16.1	S	19.5	0.0	0.0	1010.4	0.00	0.0	0.000	0.000	24.2	54	0.0	0.0	0.00	0.0000	---	---	---	---	697	1	100.0	30	
29/05/23	22:30	18.3	18.6	18.0	71	0.0	8.0	S	4.02	20.9	S	18.7	0.0	0.0	1010.7	0.00	0.0	0.000	0.000	24.1	54	0.0	0.0	0.00	0.0000	---	---	---	---	697	1	100.0	30	
29/05/23	23:00	18.9	19.0	18.3	68	0.0	3.2	S	1.61	8.0	SW	20.2	0.0	0.0	1010.7	0.00	0.0	0.000	0.000	23.9	54	0.0	0.0	0.00	0.0000	---	---	---	---	697	1	100.0	30	
29/05/23	23:30	18.2	19.2	18.2	71	0.0	3.2	SSW	1.61	11.3	WSW	19.4	0.0	0.0	1010.9	0.00	0.0	0.000	0.000	23.8	54	0.0	0.0	0.00	0.0000	---	---	---	---	698	1	100.0	30	
30/05/23	00:00	18.3	18.3	18.1	70	0.0	4.8	SSW	2.41	11.3	SSW	19.2	0.0	0.0	1011.0	0.00	0.0	0.000	0.000	23.7	54	0.0	0.0	0.00	0.0000	---	---	---	---	697	1	100.0	30	
30/05/23	00:30	19.2	19.2	18.3	66	0.0	4.8	SSW	2.41	9.7	SSE	20.2	0.0	0.0	1010.9	0.00	0.0	0.000	0.000	23.6	54	0.0	0.0	0.00	0.0000	---	---	---	---	694	1	100.0	30	
30/05/23	01:00	19.6	19.6	19.2	64	0.0	4.8	S	2.41	11.3	S	20.7	0.0	0.0	1010.8	0.00	0.0	0.000	0.000	23.5	54	0.0	0.0	0.00	0.0000	---	---	---	---	693	1	100.0	30	
30/05/23	01:30	19.4	19.8	19.4	65	0.0	1.6	SE	0.80	6.4	SSE	21.3	0.0	0.0	1010.5	0.00	0.0	0.000	0.000	23.4	54	0.0	0.0	0.00	0.0000	---	---	---	---	694	1	100.0	30	
30/05/23	02:00	18.8	19.4	18.8	72	0.0	0.0	SE	0.00	3.2	SE	24.8	0.0	0.0	1010.5	0.00	0.0	0.000	0.000	23.3	54	0.0	0.0	0.00	0.0000	---	---	---	---	697	1	100.0	30	
30/05/23	02:30	18.1	18.7	18.1	75	0.0	1.6	S	0.80	8.0	SSE	19.8	0.0	0.0	1010.5	0.00	0.0	0.000	0.000	23.3	54	0.0	0.0	0.00	0.0000	---	---	---	---	696	1	100.0	30	
30/05/23	03:00	18.1	18.2	18.0	75	0.0	0.0	S	0.00	4.8	S	24.4	0.0	0.0	1010.4	0.00	0.0	0.000	0.000	23.2	54	0.0	0.0	0.00	0.0000	---	---	---	---	697	1	100.0	30	
30/05/23	03:30	18.4	18.4	17.9	71	0.0	1.6	SSW	0.80	6.4	S	20.2	0.0	0.0	1010.4	0.00	0.0	0.000	0.000	23.1	54	0.0	0.0	0.00	0.0000	---	---	---	---	694	1	100.0	30	
30/05/23	04:00	18.3	18.5	18.2	69	0.0	3.2	S	1.61	9.7	SSE	19.6	0.0	0.0	1010.4	0.00	0.0	0.000	0.000	23.1	54	0.0	0.0	0.00	0.0000	---	---	---	---	697	1	100.0	30	
30/05/23	04:30	17.9	18.3	17.9	72	0.0	0.0	S	0.00	4.8	S	24.2	0.0	0.0	1010.2	0.00	0.0	0.000	0.000	22.9	54	0.0	0.0	0.00	0.0000	---	---	---	---	697	1	100.0	30	
30/05/23	05:00	18.1	18.2	17.9	68	0.0	4.8	S	2.41	9.7	SSE	19.0	0.0	0.0	1010.0	0.00	0.0	0.000	0.000	22.9	54	0.0	0.0	0.00	0.0000	---	---	---	---	698	1	100.0	30	
30/05/23	05:30	17.5	18.1	17.4	69	0.0	4.8	SSW	2.41	16.1	SSE	18.3	0.0	0.0	1009.8	0.00	0.0	0.000	0.000	22.8	54	0.0	0.0	0.00	0.0000	---	---	---	---	697	1	100.0	30	
30/05/23	06:00	17.3	17.5	17.3	71	0.0	6.4	SSW	3.22	11.3	S	17.8	0.0	0.0	1010.1	0.00	0.0	0.000	0.000	22.7	54	0.0	0.0	0.00	0.0000	---	---	---	---	695	1	100.0	30	
30/05/23	06:30	17.7	17.7	17.3	74	0.0	6.4	S	3.22	16.1	SSE	18.2	0.0	0.0	1010.2	0.00	0.0	0.000	0.000	22.7	54	0.0	0.0	0.00	0.0000	---	---	---	---	697	1	100.0	30	
30/05/23	07:00	19.3	19.3	17.6	68	0.0	4.8	SSW	2.41	9.7	S	20.3	0.0	0.0	1010.4	0.00	0.0	0.000	0.000	22.7	54	0.0	0.0	0.00	0.0000	---	---	---	---	699	1	100.0	30	
30/05/23	07:30	20.3	20.4	19.3	63	0.0	3.2	S	1.61	9.7	S	21.7	0.0	0.0	1010.4	0.00	0.0	0.000	0.000	22.8	54	0.0	0.0	0.00	0.0000	---	---	---	---	696	1	100.0	30	
30/05/23	08:00	20.8	20.9	20.2	65	0.0	3.2	SSW	1.61	8.0	SW	22.3	0.0	0.0	1010.7	0.00	0.0	0.000	0.000	22.9	54	0.0	0.0	0.00	0.0000	---	---	---	---	697	1	100.0	30	
30/05/23	08:30	22.3	22.3	20.6	61	0.0	3.2	SW	1.61	11.3	WSW	23.9	0.0	0.0	1010.8	0.00	0.0	0.000	0.000	23.2	54	0.0	0.0	0.00	0.0000	---	---	---	---	697	1	100.0	30	
30/05/23	09:00	22.7	23.3	22.2	57	0.0	3.2	SW	1.61	8.0	SSW	24.4	0.0	0.0	1011.1	0.00	0.0	0.000	0.000	23.7	53	0.0	0.0	0.00	0.0000	---	---	---	---	695	1	100.0	30	
30/05/23	09:30	22.9	23.4	22.5	57	0.0	3.2	W	1.61	9.7	W	24.6	0.0	0.0	1010.9	0.00	0.0	0.000	0.000	23.9	53	0.0	0.0	0.00	0.0000	---	---	---	---	698	1	100.0	30	
30/05/23	10:00	23.9	24.0	22.6	53	0.0	3.2	W	1.61	9.7	WNW	25.7	0.0	0.0	1010.9	0.00	0.0	0.000	0.000	24.1	53	0.0	0.0	0.00	0.0000	---	---	---	---	694	1	100.0	30	
30/05/23	10:30	23.9	24.5	23.6	55	0.0	3.2	W	1.61	11.3	W	25.7	0.0	0.0	1010.8	0.00	0.0	0.000	0.000	24.2	53	0.0	0.0	0.00	0.0000	---	---	---	---	696	1	100.0	30	
30/05/23	11:00	24.7	24.8	23.8	53	0.0	3.2	W	1.61	6.4	W	26.5	0.0	0.0	1011.0	0.00	0.0	0.000	0.000	24.3	53	0.0	0.0	0.00	0.0000	---	---	---	---	698	1	100.0	30	
30/05/23	11:30	24.5	25.1	24.1	52	0.0	4.8	NNE	2.41	14.5	NNE	26.2	0.0	0.0	1010.9	0.00	0.0	0.000	0.000	24.5	53	0.0	0.0	0.00	0.0000	---	---	---	---	697	1	100.0	30	
30/05/23	12:00	25.4	25.6	24.3	51	0.0	4.8	NNE	2.41	16.1	NNE	27.3	0.0	0.0	1010.8	0.00	0.0	0.000	0.000	24.6	53	0.0	0.0	0.00	0.0000	---	---	---	---	695	1	100.0	30	
30/05/23	12:30	24.8	25.9	24.6	52	0.0	4.8	NNE	2.41	16.1	NE	26.5	0.0	0.0	1010.8	0.00	0.0	0.000	0.000	24.9	53	0.0	0.0	0.00	0.0000	---	---	---	---	696	1	100.0	30	
30/05/23	13:00	22.6	25.4	22.6	62	0.0	6.4	W	3.22	14.5	W	23.9	0.0	0.0	1010.9	0.00	0.0	0.000	0.000	25.1	53	0.0	0.0	0.00	0.0000	---	---	---	---	695	1	100.0	30	
30/05/23	13:30	19.4	22.6	19.4	74	0.0	6.4	SE	3.22	24.1	SE	20.2	0.0	0.0	1011.0	0.00	0.0	0.000	0.000	24.8	53	0.0	0.0	0.00	0.0000	---	---	---	---	699	1	100.0	30	
30/05/23	14:00	17.4	19.4	17.4	79	0.0	8.0	ENE	4.02	27.4	ENE	17.7	0.0	0.0	1011.1	0.00	0.0	0.000	0.000	24.4	54	0.0	0.0	0.00	0.0000	---	---	---	---	696	1	100.0	30	
30/05/23	14:30	17.3	17.9	17.2	83	0.0	3.2	SE	1.61	11.3	NNE	18.4	0.0	0.0	1011.0	0.00	0.0	0.000	0.000	24.2	54	0.0	0.0	0.00	0.0000	---	---	---	---	698	1	100.0	30	
30/05/23	15:00	20.2	20.2	17.2	80	0.0	3.2	SSE	1.61	6.4	ESE	21.6	0.0	0.0	1011.0	0.00	0.0	0.000	0.000	24.0	54	0.0	0.0	0.00	0.0000	---	---	---	---	699	1	100.0	30	
30/05/23	15:30	21.4	21.4	20.3	72	0.0	4.8	SSW	2.41	11.3	SSE	22.7	0.0	0.0	1010.8	0.00	0.0	0.000	0.000	24.1	54	0.0	0.0	0.00	0.0000	---	---	---	---	697	1	100.0	30	
30/05/23	16:00	24.4	24.4	21.4	59	0.0	4.8	S	2.41	11.3	SSW	26.2	0.0	0.0	1010.5	0.00	0.0	0.000	0.000	24.6	54	0.0	0.0	0.00	0.0000	---	---	---	---	698	1	100.0	30	
30/05/23	16:30	23.9	24.4	23.8	57	0.0	4.8	SSW	2.41	16.1	W	25.6	0.0	0.0	1010.7	0.00	0.0	0.000	0.000	25.4	53	0.0	0.0	0.00	0.0000	---	---	---	---	695	1	100.0	30	
30/05/23	17:00	24.1	24.9	23.5	55	0.0	6.4	SSW	3.22	17.7	S	25.6	0.0	0.0	1010.8	0.00	0.0	0.000	0.000	25.9	53	0.0	0.0	0.00	0.0000	---	---	---	---	697	1	100.0	30	
30/05/23	17:30	22.6	24.0	22.4	59	0.0	6.4	SW	3.22	12.9	WSW	23.9	0.0	0.0	1010.7	0.00	0.0	0.000	0.000	25.6	53	0.0	0.0	0.00	0.0000	---	---	---	---	689	1	100.0	30	
30/05/23	18:00	22.3	22.6	22.1	59	0.0	6.4	SSW	3.22	14.5	SSW	23.5	0.0	0.0	1010.6	0.00	0.0	0.000	0.000	25.3	53	0.0	0.0	0.00	0.0000	---	---	---	---	693	1	100.0	30	
30/05/23	18:30	22.7	22.9	22.3	57	0.0	4.8	SSW	2.41	11.3	SSW	24.1	0.0	0.0	1010.6	0.00	0.0	0.000	0.000	25.2	53	0.0	0.0	0.00	0.0000	---	---	---	---	692	1	100.0	30	
30/05/23	19:00	20.9	22.7	20.8	69	0.0	3.2	NNE	1.61	12.9	N	22.4	0.0	0.0	1010.7	0.00	0.0	0.000	0.000	25.2	53	0.0	0.0	0.00	0.0000	---	---	---	---	695	1	100.0	30	
30/05/23	19:30	21.4	21.8	20.9	65	0.0	3.2	S	1.61	12.9	S	23.0	0.0	0.0	1010.9	0.00	0.0	0.000	0.000	25.2	53	0.0	0.0	0.00	0.0000	---	---	---	---	694	1	100.0	30	
30/05/23	20:00	20.1	21.4	20.1	68	0.0	8.0	S	4.02	20.9	S	20.8	0.0	0.0	1011.0	0.00	0.0	0.000	0.000	24.9	53	0.0	0.0	0.00	0.0000	---	---	---	---	696	1	100.0	30	
30/05/23	20:30	19.6	20.1	19.5	67	0.0	6.4	S	3.22	17.7	SSE	20.4	0.0	0.0	1010.9	0.00	0.0	0.000	0.000	24.7	53	0.0	0.0	0.00	0.0000	---	---	---	---	693	1	100.0	30	
30/05/23	21:00	19.1	19.8	19.1	66	0.0	6.4	S	3.22	17.7	S	19.8	0.0	0.0	1010.9	0.00	0.0	0.000	0.000	24.4	53	0.0	0.0	0.00	0.0000	---	---	---	---	695	1	100.0	30	
30/05/23	21:30	18.4	19.1	18.4	70	0.0	4.8	SSW	2.41	11.3	S	19.4	0.0	0.0	1011.1	0.00	0.0	0.000	0.000	24.2	53	0.0	0.0	0.00	0.0000	---	---	---	---	695	1	100.0	30	
30/05/23	22:00	18.1	18.5	18.1	72	0.0	3.2	SSW	1.61	11.3	SSW	19.3	0.0	0.0	1011.5	0.00	0.0	0.000	0.000	24.1	53	0.0	0.0	0.00	0.0000	---	---	---	---	698	1	100.0	30	
30/05/23	22:30	17.6	18.1	17.6	75	0.0	6.4	S	3.22	19.3	S	18.2	0.0	0.0	1011.6	0.00	0.0	0.000	0.000	23.8	53	0.0	0.0	0.00	0.0000	---	---	---	---	695	1	100.0	30	
30/05/23	23:00	17.8	17.8	17.6	74	0.0	8.0	S	4.02	16.1	SSE	18.1	0.0	0.0	1011.5	0.00	0.0	0.000	0.000	23.7	54	0.0	0.0	0.00	0.0000	---	---	---	---	697	1	100.0	30	
30/05/23	23:30	18.1	18.2	17.7	72	0.0	4.8	S	2.41	14.5	S	19.0	0.0	0.0	1011.3	0.00	0.0	0.000	0.000	23.5	54	0.0	0.0	0.00	0.0000	---	---	---	---	697	1	100.0	30	
31/05/23	00:00	18.0	18.3	18.0	71	0.0	4.8	S	2.41	11.3	SSE	18.9	0.0	0.0	1011.4	0.00	0.0	0.000	0.000	23.3	54	0.0	0.0	0.00	0.0000	---	---	---	---	697	1	100.0	30	
